class1,class2,class3,class4,class5,class6,class7,class8,class9,id
0.017793335330551805,0.21150306454003173,0.0008610714690544854,0.033593507952330764,0.004532252737889097,0.010911846504245204,0.7206055278600821,0.00016816391229618598,3.1229693518571633e-05,0
0.1684900099855987,0.0648824689674118,0.004152756900008277,0.6818261285611171,0.006442713945546762,0.009302390425108107,0.0633545496868378,0.00026034312883000375,0.001288638399541432,1
0.02174395428879973,0.05769375669743276,0.007167431868442707,0.0766801631865569,0.029885903231544723,0.037865647382171755,0.7647885828870005,0.0040466030892874075,0.00012795736876335378,2
0.018713187072873165,0.055065069493558064,0.003642180991175889,0.022539913850291183,0.022126054429130227,0.004316983062087342,0.872277661618422,0.0007940191726197985,0.0005249303098422064,3
0.053255345148805755,0.1650234680885566,0.008249012895351866,0.4136205653072039,0.03554962922957087,0.021924641695064827,0.30041243567073017,0.0015878802497843979,0.0003770217149316156,4
0.5783659627424652,0.06819198084017775,0.003550268506329157,0.2636252049265127,0.031102319702090753,0.016714989522315492,0.0359840350070179,0.0021207742553678807,0.0003444644977234378,5
0.28007831238777764,0.22674890641029763,0.005915552329954078,0.18453621200523196,0.11293618587568595,0.016519385250702713,0.17285358144338261,0.0003275834371761616,8.428085979136508e-05,6
0.024115522326630393,0.06159694005104346,0.002170100756961961,0.5034711242793256,0.3735335371909652,0.012119905188229481,0.022791999037119412,0.00012912905335365853,7.174211637087677e-05,7
0.35768799195207446,0.25193636331263713,0.008016179653728552,0.170455732472676,0.01447892001322619,0.06197219457923794,0.13477014336696005,0.00038087369688879233,0.00030160095257079916,8
0.11985443384681854,0.2862338975251524,0.0020539064934529607,0.057530273957211456,0.013983158325362594,0.027216975141415658,0.4901284955560335,0.0015690818479790144,0.0014297773065737908,9
0.009378252353470928,0.19434657425122548,0.003933005331767876,0.04259754718880713,0.032311605413860196,0.0024649581212389175,0.7147813391474545,0.00013382770773118593,5.2890484443705335e-05,10
0.15646683406715028,0.023693103651713066,0.0045587604465163484,0.14545284539842324,0.0240058403390978,0.015717674100641094,0.62997698184063,7.286268561448236e-05,5.50974702133214e-05,11
0.3986811248337841,0.012195809580987977,0.003242517028940361,0.027569923185624186,0.1650827638297387,0.37293699916040246,0.018567181450214475,0.001570535445062123,0.0001531454852456987,12
0.05545758379769194,0.057864636894612145,0.006778983397284433,0.06024566945184031,0.005334551415507533,0.014298491311357775,0.7995818919748392,0.00014845749566130595,0.00028973426120549494,13
0.03870764230488094,0.3148480854136272,0.0031459482240971397,0.2430927363443459,0.12437670879157271,0.08017571177965246,0.19155502600928928,0.0006850776591686168,0.003413063473365674,14
0.0701734725524491,0.11445615490103372,0.020475665194086997,0.04183324883545141,0.0973467671429498,0.017328715730442246,0.6209306811536345,0.012409051209912666,0.0050462432800395035,15
0.16155501531067468,0.10072943573645932,0.010560058764710861,0.1218602481532507,0.026555889274155243,0.01943811175042558,0.5590564837985571,0.00013902418023385794,0.00010573303153266858,16
0.06735361887594019,0.2814760651454666,0.010915545593627996,0.042589507172836646,0.0182238618464116,0.03204933851372555,0.5466432947760557,0.000257725371017215,0.0004910427049185563,17
0.04860209819638357,0.04481098445674161,0.0028327937246500983,0.15242108606943516,0.003104050617534979,0.02421521963051788,0.7231424822286064,0.0002464013249629398,0.0006248837511673937,18
0.0023240964784235554,0.012292342777996344,0.7423674544073835,0.002120318563347817,0.003625584077499876,0.0005656211970908747,0.23661803314070215,7.931482504399167e-05,7.234532511782165e-06,19
0.4212292534591508,0.01797040666471247,0.001971159271942696,0.3516482019566881,0.05741793308487264,0.02064813095509973,0.12660479336099076,0.0017786819241760038,0.0007314393223669238,20
0.02198257912682075,0.13928548322005857,0.0017737694954482702,0.039980262861720635,0.011421607442005835,0.049397145152547374,0.7350718945276381,0.0008516626078884649,0.00023559556587232134,21
0.395439561998726,0.036592062760695945,0.016975939982651636,0.47308563785530844,0.01528065879221171,0.02078230164268596,0.03663820732696611,0.0011938127258325952,0.004011816914921679,22
0.04513977707200426,0.3479924324131255,0.001933543169281012,0.014478544582680228,0.0073348026318904,0.03478853083141688,0.5475668047976249,0.0004050866415660537,0.00036047786041070107,23
0.021254121630930062,0.24257739220093738,0.005622478917815283,0.02612166151943751,0.01565878621099294,0.029909492913510197,0.6584772002241166,0.00030912565306529525,6.974072919476163e-05,24
0.24817044780991548,0.14240588202854151,0.0016160257947437492,0.3396387418467698,0.008716700691144335,0.011218101587885429,0.24718110556600442,0.0009736864142810554,7.930826071428699e-05,25
0.17516327999259063,0.06580138205476355,0.0022653758589211157,0.5330734573313454,0.009228196223575048,0.009855054732162997,0.20426905056691663,6.345109195612934e-05,0.0002807521477685807,26
0.01038065095888319,0.1796462072634141,0.0008410332407293844,0.013147645499568685,0.004212230671200821,0.019368854888495414,0.7721247346815818,0.00023812111332465434,4.052168280184694e-05,27
0.0846545911656153,0.06085367156011673,0.003122589436844011,0.42535215740780546,0.005083436129877847,0.0067932511216715705,0.40794149669874463,0.004162390425426744,0.0020364160538978524,28
0.033866586359908066,0.19953544162140255,0.0012073825799262799,0.42517195294494065,0.009197205036049916,0.015163147916832658,0.3136991834933277,0.00010222883803246218,0.002056871209579965,29
0.013808446219004657,0.20367808818944352,0.0013018721126783733,0.0182271800506502,0.002659188414823444,0.020450402160186627,0.7396695300888894,9.426822078028019e-05,0.00011102454354374076,30
0.031297338457081936,0.02322395764115317,0.0025551149445721235,0.11655713773040917,0.008761990772979244,0.002293231898931968,0.8135433165062809,0.0013752107338848068,0.0003927013147067854,31
0.011568978901837263,0.2759656926064307,0.0016684072602643936,0.013249939379289229,0.013675359605017952,0.008064200947086764,0.6754654385396699,0.00022487770880995226,0.00011710505159404228,32
0.534147341114852,0.06846656275670909,0.004134831892660645,0.1904421504777897,0.008237246896066901,0.032864747215602196,0.161023684546184,0.0003460238517052782,0.00033741124843029123,33
0.0303766014355011,0.122668725105767,0.0010652907808162172,0.0766196687969735,0.009994333068742551,0.016793312577532513,0.7412888441043575,0.001022260678423002,0.0001709634518867731,34
0.04303133786768598,0.08947761992159559,0.0036001591287462757,0.727644801234864,0.009600838950509078,0.02369600970723584,0.09668506154333524,0.0006581559849026604,0.005606015661125328,35
0.23212999186935518,0.051333067259793065,0.0035370145234170486,0.40087459002448345,0.009619535251573821,0.010760642081717463,0.2903713186069776,0.0009567954507590839,0.00041704493192316384,36
0.3885993072206052,0.046333767150281605,0.003685750041647208,0.4410936765403348,0.04463155826581601,0.016556186888472716,0.05877554152123084,0.0001933470352240226,0.00013086533638730755,37
0.04821532698426404,0.06740922467794673,0.006283955478262814,0.013200712882094585,0.024022051067959925,0.03297141027783255,0.8072974857549623,0.0005149240637513125,8.490881292535586e-05,38
0.6324924056311376,0.06015899236828011,0.006114811351256521,0.09100214395953578,0.041882476962869876,0.029989477787762033,0.1331910140004712,0.0006767521571558421,0.004491925781531055,39
0.044972179933838,0.35155760038738004,0.0020412127860737544,0.07273018567972743,0.018677604929380337,0.00940132880440903,0.5002542411852801,0.00021390850300154524,0.00015173779090969723,40
0.19906030161367796,0.02308480537485553,0.004398683878782892,0.2285297025321674,0.012922701464799695,0.07138054080091341,0.4599723100375141,0.0005621198832676763,8.883441402123931e-05,41
0.9106504811799047,0.01650340941896995,0.00028050746315165254,0.03283219285729861,0.010476181727950748,0.013667725056856218,0.01006593433748467,0.002719868031676864,0.0028036999267065502,42
0.1811391706188124,0.1414942591071227,0.002737750336114488,0.2163281434988197,0.016266972844995238,0.017875896251164373,0.4187846853211694,0.00136677981468204,0.004006342207119763,43
0.09018709006348494,0.13565666995074824,0.003037881530664926,0.06605386683013277,0.047553435263454895,0.07142271692636365,0.5854125770991335,0.0003530118649681311,0.0003227504710489136,44
0.029731028567970066,0.2214595427506808,0.003995025774230929,0.05162849306297517,0.09528761189892393,0.020521914557880404,0.5769883559033564,0.0003104805845475727,7.754689943474112e-05,45
0.321319980574632,0.10262474407055476,0.01394746868560706,0.22122346105894355,0.028322821019205753,0.02712404671270925,0.2819146791674648,0.0009827220130168193,0.002540076697865812,46
0.4222121868938022,0.016799652997413962,0.004430999133425283,0.3987620426184961,0.02400539231470687,0.07657013942744385,0.05707330066678891,9.858310069535287e-05,4.7702847227320836e-05,47
0.09066174339342965,0.7199900884383019,0.0010851540468349889,0.05651398233171237,0.015275041580205845,0.01854454212479161,0.09684724899369597,0.0006725136499006772,0.00040968544112717566,48
0.15944770931067484,0.4176597136049694,0.005800048639748728,0.12392326575042302,0.011924858097139971,0.0637553011417061,0.2163656492448866,0.0006955319478561304,0.0004279222625949386,49
0.3414413888046512,0.023681326245085964,0.0008072212827941809,0.4731818711918401,0.015115150210369374,0.006356946936646741,0.1379894888444045,0.0008638766903690913,0.0005627297938388624,50
0.12592057519570493,0.14355400651551467,0.004829560051965846,0.32032911254349516,0.10320262512672489,0.0338234982138158,0.2495600182382075,0.013402039117055509,0.005378564997515568,51
0.025038324890758117,0.03051990362348503,0.0031587376087760634,0.09843800112419182,0.003107869355500661,0.006850298255675742,0.8316923147508235,0.000767969210609955,0.0004265811801789757,52
0.10508489057293414,0.20268825414638472,0.03160589160838094,0.11397348699111573,0.030821722135514443,0.026162033927560797,0.48848410414129884,0.0007686496974087781,0.00041096677940170054,53
0.2270809377515291,0.1989862427046653,0.012102886536696953,0.14074682670634123,0.006466134210824873,0.014739022123936173,0.39673476751224407,0.00041049611743118993,0.0027326863363309395,54
0.06272467883719253,0.004267437828503452,0.00116340390179512,0.8963342707444171,0.006277976583931739,0.001823231509461524,0.027331400988463178,5.739599239926373e-05,2.0203613836456094e-05,55
0.6950421625473208,0.04996439224290868,0.007853972967131357,0.08095605414178655,0.006593157923887071,0.03753041087092536,0.1198982122355489,0.0017366252788901522,0.00042501179160110323,56
0.016360202191110222,0.3664439824320445,0.008793593715061073,0.012461465960430688,0.025677576345637408,0.01756774797997823,0.5523890057856692,0.00016795699615716641,0.0001384685939113436,57
0.3216430545374385,0.046484798087166546,0.002423355498526585,0.4706419133184027,0.009994751707189484,0.020107244175473812,0.12444586682741458,0.0017716661472141262,0.002487349701173887,58
0.2850129937541983,0.05495962484840833,0.027996529629200035,0.3098814414785794,0.01709564150042048,0.030861493700608547,0.2735477459036691,0.00018485986446848565,0.00045966932044747894,59
0.07007384636943757,0.1103304185060486,0.0008815445941899696,0.3874964743802451,0.013017665512017136,0.014088173098906658,0.4025777022562271,0.0004449756440033865,0.0010891996389243057,60
0.163849495348225,0.032896552832799054,0.0017767822855962025,0.6758281091359469,0.07370243188432843,0.026250192289429385,0.024325297077569807,0.0011107425115555846,0.00026039663454966914,61
0.49351468016099376,0.049970171338182386,0.005739866292506287,0.3680463265077895,0.01562544141529682,0.021004893143591524,0.044617044973632745,0.0004484245983553476,0.0010331515696514048,62
0.07575459442298058,0.05925493375267325,0.019242216611905838,0.2396244697210103,0.052111064897007356,0.006388228329743056,0.5467369173609923,0.0007957659351620382,9.180896852518358e-05,63
0.2448763906590738,0.06468275855849988,0.003651238765551844,0.4940234252267219,0.04419586045565577,0.012241090259447389,0.13134408960544855,0.002327292747557745,0.002657853722043244,64
0.0720703368338581,0.08457324936499205,0.001114285551785091,0.084199133884692,0.05703635596589198,0.0236935773916628,0.6771187339287147,8.788124773708002e-05,0.00010644583066613814,65
0.3787318342995024,0.40250762426380143,0.001957946983130957,0.02191577268684958,0.011044138684078055,0.01597924519014495,0.16659469757947085,0.0009159090136952256,0.00035283129932672634,66
0.1380660080884064,0.569257964331678,0.002096903102916534,0.0408146842945757,0.004391333860725572,0.03887372738305256,0.20572542776949887,0.0006014402100508201,0.000172510959095705,67
0.03823660917676197,0.10822512852446411,0.008772714881204735,0.012292193301553017,0.022467729446197755,0.03687547598990329,0.7712164499535752,8.54927537336047e-05,0.0018282059726061244,68
0.4930284135041313,0.038976475028993644,0.003347243637389408,0.32150596667174197,0.017480646332639908,0.03970479328651281,0.06483450689878832,0.01948708571659326,0.0016348689232095416,69
0.005715547618246403,0.004384959179169565,0.0009769486637967088,0.9749239321825104,0.0028705794307302386,0.0063642921819602105,0.004649092951516916,4.598915171722881e-05,6.86586403525604e-05,70
0.006825372795806347,0.024802143580976568,0.00012993040537711092,0.014686756056875479,0.001795531419176513,0.004905114514295796,0.9467934558959389,3.385115431615821e-05,2.7844177237236185e-05,71
0.1416992691818635,0.017047010605965307,0.004351169932240984,0.5623777480617308,0.04704359852552485,0.18055595890291692,0.04585365009710667,0.0008550545293475477,0.00021654016330332747,72
0.07754963320039938,0.3840730741122573,0.004779106684324226,0.028803627600571025,0.014472291926415732,0.04433420288770604,0.442504968662577,0.0033077834641314485,0.00017531146161761302,73
0.4210939086822107,0.024043581667345562,0.0026388663303050053,0.24101970391788627,0.005555827942246981,0.011930317595976635,0.2933592050180907,8.570213008680544e-05,0.0002728867158515314,74
0.0938762059808596,0.1659134258643068,0.0030991019748752577,0.04521532228060799,0.011929393343310493,0.026438738461252966,0.6532544250320141,0.0001589812775445164,0.00011440578522835075,75
0.45533030712782313,0.056975319457720636,0.003048734121861396,0.406383139050577,0.009951545372255741,0.02218772835666238,0.045471710375458184,0.00017866260567602217,0.00047285353196554927,76
0.02847055173571352,0.14032642013051821,0.001526854390160843,0.057450311954418944,0.015704103120842257,0.03320002800963652,0.7231165650063222,0.00013224231327154962,7.292333911598609e-05,77
0.2009748980566662,0.1378767409528696,0.002415121246109632,0.18255343319622622,0.0467619633056672,0.045863967005862545,0.37911519717066194,0.004256307014891802,0.0001823720510446739,78
0.009980138082447278,0.07781372684823118,0.00673385524888588,0.017904815084110497,0.012132838231815164,0.012202456040749855,0.8631328539403502,6.729180961077658e-05,3.20247137992397e-05,79
0.21850556073791472,0.12126782420074053,0.003607552347980485,0.2134544938541664,0.05033692509862591,0.27003323385683453,0.11712725640225753,0.0006182872323886817,0.005048866269091207,80
0.1900327357161836,0.07380503337909684,0.0028567321658875136,0.21225600371074277,0.008423810802360567,0.04122503869122916,0.4708648887888327,0.00024044648110322403,0.0002953102645635523,81
0.16938948320707847,0.03834859061079171,0.038246629475352054,0.3410273501344914,0.07781272746487945,0.21736164240181663,0.1081910505267362,0.009316197509635065,0.00030632866921907265,82
0.30176772130221025,0.32156603897352304,0.0010714656446117756,0.02859117958423727,0.013719468749432556,0.016966777768816013,0.31300388147171876,0.002912214861974169,0.0004012516434761045,83
0.0667689106842461,0.052195749360129724,0.006721756784955014,0.036392683612349805,0.011238975147635985,0.12789182941451877,0.6978321644780184,0.00014739838243659503,0.0008105321357093844,84
0.06472957294646751,0.3046154844400049,0.004699689354413818,0.130870893540958,0.02913684189596594,0.07835788539843049,0.3871222147169534,0.00023959898894840954,0.00022781871785749314,85
0.29387283228180366,0.2936143464881802,0.003029273349916576,0.11564694076290037,0.042712113106382364,0.024295245618064128,0.21686085188921508,0.003851714272280919,0.0061166822312569095,86
0.09645657058510256,0.12599140888912888,0.0024364782202230656,0.04027007990013338,0.019261961425291976,0.0184369488008048,0.6964234253704499,0.00013884974085871742,0.0005842770680067563,87
0.017259243032659265,0.2106522039451104,0.0008532616317748568,0.03092603155559127,0.007342165940996568,0.03813735381771584,0.6937911156741416,0.0008229767227909038,0.0002156476792193613,88
0.09334344094912973,0.20734772691042166,0.0024614582604188177,0.21819250891904945,0.0065372869361633775,0.01619893280250498,0.2647899971438373,0.0030034646707469653,0.18812518340772777,89
0.3979523003467275,0.11696601670049753,0.0032845105897442548,0.2635123889485166,0.031964091682748906,0.01014964527877714,0.14606789093537081,0.025086337656978933,0.005016817860638625,90
0.27261537452505386,0.04435242539165451,0.0012738014312402741,0.1704623455757335,0.012765844508197786,0.011831035105193228,0.48419414990136755,0.001972136773123802,0.0005328867884354446,91
0.02627557651132951,0.015372422217410519,0.008891098078175386,0.03746189956169566,0.01040600254505127,0.004454798601943966,0.8970531943011714,3.813629820213298e-05,4.6871885020290715e-05,92
0.009315890615381416,0.21111077218058746,0.0010595268286094231,0.007802004034434833,0.0013618533777817476,0.0018175314586952867,0.7674887023849944,2.689552830132104e-05,1.6823591214108036e-05,93
0.04886326536453991,0.14150006750905317,0.005120725649840071,0.5483909742871073,0.00954230061295972,0.010681405521011473,0.2346678455814057,0.0002564262253703547,0.0009769892487125151,94
0.2539440458487071,0.04498414477877668,0.0017892650211102752,0.4610198144827424,0.11214694865048402,0.07138215851145999,0.05456379357817312,0.00010376677018153574,6.606235836477787e-05,95
0.11844839284339187,0.09963198717063065,0.0061307666515204315,0.06424170755168825,0.13916532661531694,0.0473681904608635,0.5179128485362916,0.0005300329982377143,0.006570747172058849,96
0.27250168073010106,0.1566312921647264,0.008080255045084195,0.13911419997580995,0.024624195806619387,0.1267107288080793,0.26758231183836656,0.003162635704048949,0.0015926999271641932,97
0.5128508824120604,0.040026080795466386,0.0046187360769480695,0.30341184926984943,0.03788033271116709,0.040359626554134526,0.059556592343746745,0.0005961160066203478,0.0006997838300069172,98
0.166508903164774,0.40145632049877233,0.002582523365984186,0.13635520937736278,0.010201567418523575,0.02059079401240848,0.2613281285961682,0.00018426006905084686,0.0007922934969556313,99
0.5482279606378935,0.05565882707678154,0.007167335392434132,0.13478537433615478,0.1409716416653412,0.07265096668839385,0.03859390675718,0.0005782752967469349,0.0013657121490740557,100
0.36584204417237726,0.1759310952087166,0.0009233661148182046,0.2903902940895367,0.008763455638026017,0.014475891067494227,0.1383666783495628,0.001455946490193347,0.003851228869274626,101
0.022231396526711897,0.06568515025773704,0.0014748657608626163,0.02001828952768532,0.02823654741258976,0.013467406241696981,0.8482348370055012,0.00023167908305974546,0.00041982818415536876,102
0.08393050550366267,0.2839000166276774,0.00329038393983046,0.08994286172590124,0.02939202394647258,0.006496096356985941,0.49950401495791713,0.0006301855508965438,0.002913911390656216,103
0.13919795436021448,0.3649801956762733,0.0010119309218652706,0.027844680290966886,0.012364098944946184,0.0066674444836747875,0.4458018908293348,0.0006731870578761184,0.0014586174348481544,104
0.27675767818297614,0.3418429395005624,0.006484565501708557,0.04761017035926033,0.06704143157472464,0.030827393942363442,0.22921726980018087,0.00013668626489266787,8.186487333093458e-05,105
0.3603192789392,0.10031561597268174,0.00420972568590308,0.0571785929587822,0.026249115574689032,0.03622576830706573,0.41170307484802077,0.0007901036822513137,0.0030087240314062647,106
0.5624573303296336,0.03345444369675714,0.0034916323793989313,0.039696964869058673,0.25151907234198556,0.08484131546899996,0.02063325679594805,0.00045394279721024745,0.0034520413210076444,107
0.07731251536675343,0.2818984430762995,0.0166681545901119,0.1184905855069787,0.07012979221809433,0.010110868755769904,0.4242493880507431,0.001031460648372108,0.00010879178687701031,108
0.4080875748451228,0.08585764164944791,0.003701682126887183,0.2552170538928302,0.0265899687354804,0.0486944346214903,0.16870150973278988,0.001750957461152554,0.00139917693479868,109
0.06516479276392716,0.022742533003435553,0.0018051350740775059,0.10948890651210953,0.010294552130784772,0.006995648566992666,0.7826091792247547,0.00022989817436515304,0.0006693545495528704,110
0.18985389100000824,0.3019468761715378,0.00799904948345988,0.05133058604611413,0.020900243917531324,0.019202604987852725,0.38824857383053185,0.003785890854472882,0.016732283708490933,111
0.5006977267462466,0.13600128376522397,0.0021856396915345103,0.18841763955232385,0.016416253486232827,0.01886759657447286,0.13341303720865147,0.0033197419890193523,0.0006810809862945707,112
0.007526509923578593,0.033415703084999575,0.00048406022826976634,0.003814946444337593,0.017566200765710555,0.010026450466795452,0.9269750704090678,5.590993646143626e-05,0.00013514874077934214,113
0.5567154469932921,0.03870207415982215,0.0022161400673536406,0.2531018016370419,0.018276641057507495,0.04224424462846304,0.08610261697706154,0.00211985398976767,0.0005211804896904692,114
0.3299146327685004,0.023755206277214284,0.0021666920642629036,0.46028399988662577,0.03154539547059391,0.03907618374260604,0.11229745884677024,0.00047065533467902847,0.0004897756087473912,115
0.537504575765503,0.09853569275649167,0.0026838123760327764,0.20869487786964477,0.027425728164273216,0.03625468369168442,0.08844173482538539,0.0003006331848675535,0.00015826136611688205,116
0.15226093088239406,0.03274645819076,0.0016385681940889287,0.7638007066644996,0.01117749480025637,0.02030026313052577,0.016903076496679544,0.0007342416978251138,0.0004382599429706463,117
0.75661303887783,0.00976794933464401,0.002015802837379288,0.15093524831397917,0.05914503539772998,0.008805284557678542,0.012404103492886783,0.00016720813958288807,0.00014632904828941346,118
0.0050747083345835135,0.8797968128146735,0.0005571764714837255,0.002738222721884842,0.0015426440169593683,0.004172312678379096,0.10607327373033434,1.672700711645742e-05,2.812222458514199e-05,119
0.23620167783299126,0.23930878921981075,0.0032031080506587616,0.30059115369082956,0.0467724568485548,0.033068770784215426,0.13910462258345488,0.0015961239142406511,0.0001532970752438258,120
0.41729000970777647,0.003184243024280067,0.0005842992361050401,0.01934680530093664,0.5411311989259525,0.013487725349626317,0.004924368392542876,3.328660362601118e-05,1.806345915415862e-05,121
0.4032563901718494,0.13757418635179047,0.001444871823762426,0.12141755212850086,0.03179832126862475,0.13122152453526606,0.16161772316785716,0.0012831616987488694,0.010386268853599667,122
0.02751011889769745,0.5631651072631075,0.005971081910660984,0.014773537317520305,0.014825039142446428,0.0029917301498253303,0.37049484216524237,9.160171691838129e-05,0.00017694143658155933,123
0.5208468703535717,0.07344669115122356,0.008998028480112979,0.30210534836431,0.010470353787180475,0.006701419398934708,0.07509264324822977,0.0018947360129478571,0.00044390920348908575,124
0.5815087481561096,0.014094918134022777,0.014549804620966587,0.3138336809336369,0.008671126020830797,0.03761565910542951,0.025426437427481543,0.001399747257535682,0.0028998783439864776,125
0.2451743975650343,0.22457097474668727,0.0050549679210287555,0.24623015044142765,0.02231847205900635,0.08650945348646902,0.16954093290882413,0.0003276679769541158,0.000272982894568278,126
0.19987672059355013,0.26234744277052446,0.002824527068949862,0.036652673464639456,0.03369755622701867,0.04617376114829583,0.4163870476427707,0.0006900244367759901,0.0013502466474746562,127
0.271883928090222,0.20234449783951694,0.0016715666967850322,0.133096271660651,0.0033660513408628164,0.004744210534136071,0.38193796387608064,0.0002452434638453358,0.0007102664979002458,128
0.38877709703926966,0.03662965672079109,0.0014083035642401469,0.5269643202559837,0.006850796540035279,0.009253098344790054,0.02996032105436347,5.9368211934414264e-05,9.70382685919837e-05,129
0.05284421280830584,0.315541813005088,0.007857950538861815,0.060719473326717864,0.004342059720037473,0.030024231218856386,0.5263799868813831,0.0020973687992573097,0.00019290370149227962,130
0.04362687612922754,0.36528152928131685,0.0021906864479144025,0.020724281635552736,0.009976222120786667,0.03722556334249985,0.5207149483635867,0.00014594888426370202,0.00011394379485181843,131
0.12750325327612222,0.055261714473699534,0.0021694551130996957,0.08661587400223375,0.0107994753844193,0.01743352334711677,0.6997259292560554,0.00024184272724133885,0.0002489324200120971,132
0.7601126660033876,0.007807695627157267,0.000775676789017184,0.1905603312615516,0.010045815081824262,0.011623961646489604,0.018564609309663777,0.00033956933712673507,0.000169674943782136,133
0.14858896333030563,0.06714231566799822,0.002841272985579197,0.3836641214921736,0.010650033807778488,0.026134378219729765,0.3578627120122974,0.0009741280272536207,0.002142074456883988,134
0.49189401434395186,0.06409007444165711,0.005387295000277069,0.21642798434616217,0.015710560472078323,0.05233110827912276,0.06874817460046635,0.004088339227339124,0.08132244928894523,135
0.03346652611826415,0.12147743348609194,0.01890226809902517,0.05268869289626254,0.01628764074325112,0.039859727397500135,0.7170565145649318,0.00014151022452559944,0.0001196864701477705,136
0.8486807870891089,0.00315070772358939,0.0014518538623870458,0.13025182911913996,0.003999881462965422,0.0040659336922209514,0.008015691904440177,4.1175831081010974e-05,0.0003421393150672941,137
0.4266469108992585,0.05154592815536286,0.005204027575138716,0.0968944331558223,0.016262385581347277,0.02985890859796499,0.36918226185672376,0.0002549759193408755,0.004150168259040794,138
0.1289138992003907,0.0020614906975050676,0.0005482471871076781,0.8567998362798697,0.0032051741710113794,0.0020609613804560664,0.00628510107621088,9.334645713281112e-05,3.19435503157675e-05,139
0.13858324950920836,0.20342030851528023,0.0043534780770399335,0.057943682726528084,0.012923739035076778,0.01567303367635365,0.5668582951602856,0.0001471817387791411,9.703156144807504e-05,140
0.25044644425866774,0.03574962426498605,0.006058347571795677,0.15974550021780612,0.030881548148019515,0.010249614229399854,0.506306493072368,8.691039644402026e-05,0.00047551784051321595,141
0.04356656856649459,0.6730290851416437,0.0017171616192883598,0.024613744220413663,0.0078065631635017224,0.019135788952306377,0.229788537968418,9.20145805653955e-05,0.0002505357873681236,142
0.5105837587862604,0.02818347469053557,0.0014221115814541875,0.19149021834705773,0.01363203117946711,0.011241401505972165,0.24113106218105346,0.000358408829665939,0.00195753289853343,143
0.5567016242218666,0.02277552497247943,0.0006224633069672685,0.2621443550472074,0.017823751213408134,0.010591931843310537,0.12856559483216515,0.0006476197940789545,0.00012713476851667897,144
0.04231567874175423,0.047571210818910116,0.0018595452949482741,0.1141342615682391,0.016861214242246007,0.01065475200502746,0.7645918213169834,0.0012686938311193482,0.0007428221807722498,145
0.16332576794117967,0.04589407006038132,0.002752473298888547,0.22572531118160735,0.1920731934352584,0.3294487631736614,0.04005547214235207,0.000604287255679403,0.00012066151099197149,146
0.13697006665857664,0.16681747138764622,0.007720286585182154,0.4927381540888765,0.08517720961241865,0.07078431758119842,0.03871825418009065,0.00016232774117904975,0.000911912164831957,147
0.22344540685984027,0.2613295795293153,0.003435577613502526,0.31992410303159996,0.02188429339362967,0.03926797530998092,0.12747249899506227,0.002943898951974392,0.00029666631509461507,148
0.03839783840044292,0.8140703134056151,0.006938271796255547,0.01280443382849849,0.017440277347933863,0.008137376976211653,0.10200494753750416,5.1912242863697815e-05,0.00015462846467488066,149
0.1220505451551045,0.0884761084704373,0.015253649426119656,0.11691904479975433,0.018951223259355228,0.17002277433339036,0.46529257023273823,0.0017194534547685656,0.00131463086833201,150
0.07515488739911128,0.3663744787158372,0.0026556904228606138,0.042785495352022127,0.039588427976546825,0.021593789982968275,0.4476231854168487,0.003340283557438435,0.0008837611763667686,151
0.06396577052198696,0.3647947864495585,0.021670626791795503,0.0350459631523543,0.01839412730312368,0.023416444000297663,0.4725646617942082,9.752563585502651e-05,5.00943508202042e-05,152
0.3706845356179466,0.038858705728361566,0.0012664077683026801,0.24307282400349026,0.01590760323790904,0.007076617120140059,0.3167618682708557,0.0027697147546319164,0.003601723498362369,153
0.44461668660455694,0.034350184720691596,0.0017239117167718201,0.304289581392328,0.02408642111230233,0.006638443662505734,0.18375486142861716,0.00038393469827572826,0.0001559746639506401,154
0.1802815560164554,0.023310810019726923,0.00655202441607651,0.08335156481850016,0.13314556948793047,0.4808317493633583,0.09191293788872885,0.00022089896587230672,0.0003928890233512822,155
0.1878827271476549,0.12384890101787477,0.003977181779649508,0.12982336227067073,0.014009085812307313,0.06603593674141976,0.47337758019593357,0.0006588137396263495,0.0003864112948630175,156
0.005515280953508292,0.17825430890571808,0.0070074353592994,0.01283683350356791,0.007052473303843216,0.004007275914389985,0.7852864520295816,2.62695663465079e-05,1.3670463745043346e-05,157
0.4044514332196712,0.2743681603042565,0.001323438403630061,0.10176180781568413,0.014300982675412898,0.12753128042285358,0.07383167960883674,0.0005645104371255701,0.001866707112529418,158
0.555448227226624,0.007962729138105617,0.005735756625033434,0.18826551151516902,0.08427707557931048,0.14429792274287753,0.013470022279415898,0.0003446794838426676,0.000198075409621494,159
0.009232715630846327,0.8036171539381153,0.0009685442207922253,0.013461181587738529,0.007642492827157837,0.010291784186569338,0.15470700399444165,2.7825228024573848e-05,5.1298386314093917e-05,160
0.1276647660554492,0.04112405615668213,0.0030145320101023967,0.3910534521581732,0.02838221670559862,0.03473475194212754,0.37058984868788364,0.0005690180031568465,0.0028673582808264103,161
0.1331645050467873,0.05025382655628286,0.0005901692398420265,0.03019270619291379,0.008927161968427856,0.012542722894846628,0.7635838925705757,0.0005729259985534117,0.00017208953177050136,162
0.31709879945091474,0.2726952125748462,0.004308317710696793,0.216961123310247,0.03154931097569764,0.018053990791410814,0.1345542832610264,0.00468128305490783,9.767887025258147e-05,163
0.7182862706838734,0.06729744425710045,0.0006571801502466574,0.04351719195133361,0.041989567949735226,0.018845996908085326,0.10506347879252874,0.0031284886894848854,0.001214380617611519,164
0.05361688961642301,0.019882669469436103,0.014699001799166589,0.12710806231132243,0.005791167368931442,0.0075526943831219434,0.7701496827351452,0.0007748167879215696,0.00042501552853163507,165
0.4920235418035562,0.0207221169722307,0.010794335745853595,0.23869400650043007,0.05663134755235745,0.10882404793144897,0.07142318727226943,0.0005873057337408862,0.00030011048811275044,166
0.021828032485729582,0.32833230801722574,0.0062562579412819685,0.041991002473502285,0.14496473772977414,0.04513485510986706,0.4097132649601369,0.001658078189618108,0.0001214630928644198,167
0.5811572407689811,0.04950165356218358,0.02410628503866743,0.270090326302469,0.01624542076498612,0.01361510667889856,0.04467815269987513,0.00035758937096148766,0.000248224812977568,168
0.03329427793480292,0.28743026554437645,0.014535791220353712,0.3546337890477818,0.041673218727002345,0.005781847655883669,0.26232949413656176,0.00017075166892483603,0.00015056406431264148,169
0.4375366600754556,0.03653606870530053,0.0063665941149223205,0.3494020707185696,0.01963671687303456,0.009506061363208827,0.1403404055425822,0.00047110871711150454,0.00020431388981452346,170
0.01695658244211738,0.12156973350427097,0.004425755341831395,0.027187852820458203,0.010922456473861971,0.010483957851700155,0.8083016009606979,8.474651256721634e-05,6.73140924945154e-05,171
0.049648865522191894,0.2228166463036987,0.007458269922081631,0.04642662965438704,0.1098331527655678,0.02502962414641751,0.5381904615048362,0.00033081835119329474,0.00026553182962613456,172
0.5442597510511297,0.07868992124597775,0.0019439516737449235,0.04165628290087304,0.04434147290197812,0.2205846242329508,0.06222004547598209,0.004789865915968408,0.0015140846013952619,173
0.0985418543157695,0.06392109643063518,0.0013636137177715452,0.4831951850536603,0.03248661153219993,0.013491193988784964,0.3056827434972666,0.0005511360663211551,0.0007665653975908079,174
0.10426068684198438,0.08960677413122999,0.010899810105590093,0.05711575398675232,0.009626523362227597,0.028397946099070433,0.697429850278324,0.0020800419538201972,0.0005826132410006563,175
0.13857372047900351,0.14993774358509204,0.0028648585432513776,0.3563543810059455,0.031211694245769285,0.016187535687606853,0.30446661398870434,0.0002276814020087944,0.0001757710626185436,176
0.154564569189708,0.01391512737147948,0.0012319320508377626,0.7641334506105315,0.006516848091713375,0.015176187382735526,0.042566780147579156,0.0016016468866929894,0.000293458268721971,177
0.22046431623986473,0.05413285736926088,0.0023279503793131985,0.2903324606214978,0.014146485827669189,0.015919403822402395,0.4023020076652565,0.00027016747661145053,0.00010435059812390471,178
0.31298174533757156,0.05197484278007184,0.0010560444351358801,0.5806306964575657,0.008426061837142824,0.004356974801538098,0.03935309967111479,0.00013145452993735792,0.0010890801499221043,179
0.03653918859227986,0.13398948116449624,0.0071815896308638355,0.06600348656727485,0.0209737654536606,0.04791647269883288,0.6867969843234873,0.00024441623883264844,0.000354615330271841,180
0.43371709594248953,0.03523498247843809,0.00687083212620804,0.3139299700317263,0.015769696610500313,0.025906770988733223,0.16705026404245849,0.0012214871129532464,0.00029890066649280496,181
0.058025941914100064,0.2999473195810646,0.0013311459618601568,0.05101110780185156,0.021706361970387736,0.02372494529053848,0.5439410745719323,9.868457819263764e-05,0.00021341833007220925,182
0.3194952591841013,0.36733102304288073,0.02009095054829579,0.14166825708939398,0.04167980932934078,0.06254950973086973,0.0455164990148574,0.0007896820007655615,0.0008790100594948583,183
0.6892614914381987,0.058720430195175165,0.0007151123669479296,0.1940051834391498,0.005407281111348032,0.021645645078922946,0.029383020709811143,0.0001621460507052181,0.0006996896097411135,184
0.11565360036326998,0.5955538481826702,0.006114098876579259,0.026191465123022582,0.012149054437247122,0.07598340785474401,0.16816800784421776,0.00013659111240802132,4.992620584079501e-05,185
0.3681076794578775,0.23672804255064034,0.004835786072912933,0.23344820383514742,0.008828772242412691,0.060840424148738914,0.08627147070050215,0.00040827907320853694,0.0005313419185595,186
0.199657287567012,0.03822708151925197,0.0017133071832382083,0.13381878346314122,0.00808581841848947,0.013757562793632416,0.604439864894123,0.0002507925149017976,4.950164620976812e-05,187
0.14438052251399197,0.09559584746488006,0.002027450453436145,0.1087182596320045,0.07433707453398955,0.05836872888473675,0.5149744719206057,0.0008895351867254798,0.0007081094096298058,188
0.05556942496612224,0.04174628424413298,0.001731705843058912,0.08620965925678925,0.007179878845731686,0.019590477963810863,0.782417430742117,0.0010560916904236517,0.004499046447813147,189
0.46364595632488226,0.031133633567646323,0.0019283373649079294,0.25994312363804484,0.1759303666856306,0.028654136654925565,0.03490600325963017,0.0010015079969150345,0.0028569345074174026,190
0.019760463244110488,0.24178798319333517,0.009598081856880868,0.035316513392487765,0.01463007747225781,0.010474442424833882,0.6677566831530314,0.0006192285504428919,5.652671261972946e-05,191
0.17676383468013215,0.02354493434509078,0.001781911215010617,0.7535143992562935,0.015919084873870094,0.004282465159713765,0.023648313543974783,7.768324828668233e-05,0.0004673736776275036,192
0.004885449730653224,0.08467163389461299,0.0004068346286591848,0.019991043062537985,0.0037021534403311575,0.0077388664017829885,0.8784862751538424,3.769761897303296e-05,8.004606860701582e-05,193
0.16319045585269826,0.14221490760375752,0.0033293450781918454,0.304883606650939,0.022893002719194405,0.00633490184063853,0.347609044002668,0.0013450333231279845,0.008199702928784478,194
0.7110105663803309,0.059225265376090845,0.0019013767983756466,0.18772359291050442,0.007036471085289204,0.011320947887561222,0.021614169826503014,7.156959075417937e-05,9.604014459044133e-05,195
0.4164658386916141,0.01634284361597369,0.00428988411286814,0.3528409544260126,0.14325235237185696,0.017781277809834167,0.04765557415132054,0.0008560739949923472,0.0005152008255277231,196
0.15064419096110837,0.22747585109859822,0.021490358686901,0.21845294105123064,0.01458330411612106,0.11030377412445111,0.20639733075167532,0.0013119624247193771,0.04934028678519463,197
0.09461085895553231,0.37585546399830055,0.007141867624967074,0.2887469725131508,0.05745595288917499,0.046233773199582266,0.1291713199213939,0.0002197874508949161,0.0005640034470033755,198
0.24171214766922647,0.0632867817376854,0.003895822822192151,0.2651837476222454,0.028423862584729218,0.05231772202483406,0.3433910048776471,0.0009462476803241762,0.0008426629811160165,199
0.37329510049704145,0.024392915917054704,0.008793589644904239,0.4306500981648152,0.024428115856024994,0.054516945920320886,0.0833355188433853,0.0001934576096060224,0.00039425754684710917,200
0.046828669984780524,0.3437526400190723,0.0008422397069078555,0.15796241034255584,0.025286185516870997,0.0030570977663817163,0.42206170726293174,4.656597160928557e-05,0.00016248342888943186,201
0.026673677538785183,0.6854902501671537,0.0018345935653524873,0.017045509835310207,0.017294551853572485,0.0035661993071906418,0.2479732749352122,0.00010053461500266367,2.1408182420303522e-05,202
0.4990962181677614,0.006294616926781118,0.0005315396326144558,0.4456856385951653,0.021507708984838936,0.001438342909246351,0.025282339466940994,5.102422123125706e-05,0.00011257109542013752,203
0.018402339390064748,0.7557159956814353,0.023649613360857184,0.10318662666352192,0.014732155259160605,0.013337245157404618,0.06589709008911944,0.004662291696332376,0.00041664270210380386,204
0.15809034024230495,0.21049909811646647,0.0035249102934652886,0.09232838700116969,0.014821998922227004,0.23981897253998435,0.27946244116712954,0.0006698120554506038,0.0007840396618016537,205
0.15210389088601342,0.1579572341861477,0.006702181547252564,0.07138693215430465,0.15185323672837567,0.09835729818250638,0.3523503085144683,0.006635784621556806,0.002653133179374424,206
0.3233987797357006,0.06533400556544151,0.0030644890333176977,0.47911836231660593,0.03132830781839477,0.03032018305452577,0.0663850360500086,0.0004304871095288362,0.0006203493164763549,207
0.09792336192918064,0.02955896152979854,0.0021367174368999327,0.40689870226791175,0.05581350754789759,0.01578351324226134,0.3842157414430948,0.00452492352249861,0.00314457108045685,208
0.21308504683421187,0.03431735779806486,0.00306563348266194,0.6191827579727361,0.015502366347111234,0.07919914455633696,0.028873747780842476,0.0065110611030313155,0.0002628841250031722,209
0.10569164291577107,0.029551186254322192,0.0006760069486653162,0.032993653768542894,0.016514588655215476,0.019835433858869548,0.7940730861101974,0.0005628000259976935,0.00010160146241840792,210
