class1,class2,class3,class4,class5,class6,class7,class8,class9,id
0.07838153322314234,0.1940901942796133,0.0007400417301314399,0.040241813835446734,0.007059809199702616,0.002393470935013979,0.6769091759528226,0.00010976647441431471,7.419436971255816e-05,0
0.2099206038199783,0.09181787973678453,0.0010248549534997505,0.6106029750059773,0.017107352933180095,0.01089597758765461,0.05735475500645259,0.0007394292280148919,0.0005361717284578674,1
0.02696734384284372,0.11758669497501113,0.00493439092373896,0.10254260129951974,0.03957650827879829,0.08137912027810207,0.6233794818541447,0.0034286770374921133,0.00020518151034928735,2
0.04481195674911212,0.23147210168444074,0.0012309259769378038,0.017601377977299756,0.010491445251933433,0.009366141665870445,0.6843954000477315,0.00012440524459511826,0.000506245402079005,3
0.28360959024143173,0.04823429806946133,0.0012162446484001242,0.5322272349313463,0.00531371119429019,0.0097556706143852,0.11640526257675057,0.0024256976659356526,0.0008122900579990229,4
0.43492316663325276,0.06112164295890736,0.0008258722457103755,0.4036778151607194,0.007291099426921622,0.05306868063720006,0.03618198695052007,0.002570597184361291,0.0003391388024071772,5
0.11878800630287914,0.1781247918497685,0.010118341739309616,0.040170518515033365,0.018157403832166484,0.017042695702885458,0.6174167095960381,9.24155933815455e-05,8.911686853758066e-05,6
0.05967086730605382,0.15061277148988617,0.003392635909758728,0.5789752842108096,0.10701358914254136,0.04102032723111059,0.057236949893715784,0.00081740799988938,0.0012601668162345316,7
0.36413550487230384,0.18521004358889454,0.006556602919640815,0.30805217726382916,0.011484226130347835,0.015399541563157803,0.10507767645932281,0.00029344739589462157,0.003790779806608547,8
0.26248308432495265,0.43514923104585124,0.002029255018794429,0.05123383908463303,0.005554068105437463,0.005660421308971183,0.2335054995899262,0.000568454625775491,0.003816146895658623,9
0.0115311053353004,0.1232969748021958,0.0012224485982139524,0.02061568713130631,0.011834988868360282,0.004477332475633863,0.8268338654716689,0.00010905359336444535,7.854372395631364e-05,10
0.06842990368650527,0.07042903068815956,0.0014609176605480006,0.07543546168716907,0.006043343568121097,0.014408586763747877,0.7634187015273876,0.00015882222458566393,0.00021523219377592433,11
0.2733817427916492,0.005504335043961025,0.0020350113250563167,0.024583286038724467,0.22164972460818474,0.46129809562634577,0.009925151965548664,0.00027051698881606776,0.0013521356117135678,12
0.02267721090435964,0.06878434071875539,0.000488606124867415,0.06993022499749495,0.0050552139509735545,0.01411321410384119,0.8185366165752702,9.315460243444087e-05,0.00032141802200321155,13
0.2521510286470517,0.3107769654280107,0.0018219616583089837,0.08601509250866492,0.018745235745028475,0.018338776619022782,0.3114427232294308,0.00023527789378763588,0.0004729382706942386,14
0.07291688834859232,0.08582402602231534,0.010367722328664314,0.10178665428064498,0.05623464667844995,0.04345876026082759,0.6084760205868209,0.016411649340431506,0.00452363215325295,15
0.17522428733712797,0.131038695273005,0.009772938205382524,0.20901770442918916,0.06340020751349316,0.014368286529188985,0.39654465990802507,0.0003314603522014012,0.00030176045238654585,16
0.02219072025310034,0.35356575168596827,0.0017816505784833821,0.021358702352854034,0.1106677820265476,0.06240666372500554,0.4272728281992687,0.00019799639859966785,0.0005579047801721865,17
0.1235391455391802,0.10743918639040292,0.0023053061414127496,0.21307442976999777,0.02862467040437958,0.012449972979231904,0.5120266513215731,0.00015012111449051426,0.00039051633933124945,18
0.00684140964866472,0.017025966316076217,0.4576390803092714,0.004768746654412269,0.003081686294335169,0.0024922962914041727,0.5080803675991659,4.9677899306548045e-05,2.076898736339227e-05,19
0.36901179185703503,0.05292252938381451,0.0022533515406594736,0.18961294870497516,0.019651994491516694,0.024491039130193976,0.3394483801737742,0.0014137720929396525,0.0011941926250913675,20
0.12861860435727848,0.22327289700480069,0.01101281654501423,0.09175963254787661,0.011108751572163858,0.007998264650470975,0.5244085850010289,0.001032970173759395,0.0007874781476068079,21
0.08512203578444093,0.06845111743937465,0.009669506473835594,0.7241350330115599,0.02365494591322227,0.012996610501691482,0.0747651888925658,0.0008031498443284402,0.00040241213898054983,22
0.03769227373841699,0.23601815765870632,0.0031428904359678787,0.03016104867896632,0.011588014137319072,0.0279740868324261,0.6520662614179289,0.0002230591226559319,0.0011342079776125694,23
0.007311529038598177,0.06950843679840081,0.00046669699153429847,0.02457594832906451,0.00333096066516121,0.007828780031847808,0.8869044722893143,2.0949668029752825e-05,5.2226188048865926e-05,24
0.4227509015945799,0.05395553236839381,0.007421405641745532,0.2396697277110401,0.012736545664920917,0.04166993956372594,0.21882264157998077,0.0017262240936292501,0.0012470817819837964,25
0.2659916692729761,0.06321757710117865,0.0022238723241077554,0.4496152820338835,0.01439727906555662,0.04551318528771638,0.15814732238934986,0.0006379558871978937,0.000255856638033214,26
0.022010959911510412,0.29954973122222384,0.0030022558830920553,0.014758668644845976,0.025404092679401864,0.03254267100858483,0.6016805365128849,0.0005583373124671041,0.0004927468249890911,27
0.24256603362739973,0.07856048478594606,0.0036633892355215163,0.14501292524598355,0.004140430559433363,0.011954539879832082,0.4963903861432399,0.006813580486538863,0.010898230036104906,28
0.06450862437809124,0.3887450947496702,0.0010810007183266936,0.13314188964642573,0.023548152892698664,0.017863438009190928,0.3643663697641208,0.0009655757939535011,0.005779854047522117,29
0.013710166415365856,0.17174382588353426,0.002316785403785878,0.01245428732319544,0.0024262877245754713,0.012610919980343414,0.7843710309222467,9.193458007221549e-05,0.00027476176688044266,30
0.0709035711492031,0.10465580251839388,0.005248347172640965,0.06967783047066212,0.03212987263235771,0.018411812156946438,0.6642219468961559,0.027140313391274432,0.007610503612365857,31
0.014611657701000695,0.16907980282597812,0.00037467793209792024,0.013862745475170083,0.0027221733261800114,0.014182082037599204,0.7845726414418467,0.0005201894146542387,7.402984547310397e-05,32
0.5862074417039427,0.12184232556589017,0.0008625616884660552,0.14256226164343144,0.0037779154329586873,0.015496080156564968,0.1285984710645225,0.0001256012879996882,0.0005273414562237885,33
0.07117999345116278,0.14319124156783103,0.005985603406063806,0.05833540693636948,0.04118356508861592,0.025939434656070164,0.6518489613974431,0.002215462239974494,0.00012033125646937194,34
0.18536038206577496,0.07172079929655792,0.013440791442232694,0.5281476135842313,0.06119958150385027,0.01638329736183798,0.11327017727250223,0.004589598252349538,0.005887759220662984,35
0.25192204159872067,0.08327455198021684,0.005350425696425897,0.41501238017706443,0.011649900970820056,0.018931152055301655,0.21165574077880397,0.0014195431748387532,0.0007842635678078112,36
0.2152193517406053,0.07418493143117401,0.004667860910776003,0.5258011343344201,0.01654585796508809,0.05720099520968898,0.10551922175404045,0.00010526388202794158,0.0007553827721788688,37
0.037681684044219774,0.12770349918231605,0.0015187836389632587,0.064338753692524,0.018894383053076502,0.10697781734645907,0.6409463228877602,0.0006744446377562085,0.0012643115169245825,38
0.5285255394452457,0.09944135138591352,0.0036071454860666773,0.08027971213819628,0.020505058659807278,0.049085923099593594,0.21446513684947344,0.001682325130337265,0.002407807805366343,39
0.31720454098429307,0.23736285098503423,0.006048768342728751,0.10966206429693695,0.0060390804180920545,0.011041208542394087,0.31140312025057987,0.0008716631118974237,0.0003667030680434718,40
0.3219798123708538,0.07475014950522937,0.0034823232618435137,0.053817579714408446,0.03005241028909371,0.027989450800371952,0.486182264847328,0.000632371210443016,0.0011136380004281856,41
0.8461441792172756,0.03937684493320492,0.0007609396104623224,0.08495793863426693,0.009990737541930259,0.005625694537369337,0.011737711972691661,0.0010661295808783561,0.000339823971920708,42
0.09118019680450062,0.08672228195449055,0.0014938335426270162,0.5281742431630387,0.00910333730568795,0.020588874929236205,0.26172477725786364,0.00020371737625476396,0.000808737666300625,43
0.05082120409801227,0.22988224518668005,0.027140675721394978,0.020418049181394348,0.033955292458409246,0.04690892651525281,0.590453686693984,0.0003223231233817439,9.75970214907273e-05,44
0.03048973459136478,0.24429762200703029,0.004550393479950901,0.04007611702394704,0.10190522672009891,0.03687397269176755,0.5398612462889226,0.001832537678081272,0.00011314951883663287,45
0.4465136103170159,0.05421030083483249,0.009703526943442698,0.09759470009000401,0.03966002056188623,0.008116074223954738,0.3427898209520099,0.000563321572978898,0.0008486245038751064,46
0.18584640294095017,0.01341698975893729,0.0029071666523478833,0.7269957112250797,0.027131346214579497,0.007767880762623872,0.03571473422629611,2.7918821932135308e-05,0.00019184939725365563,47
0.25749242447348153,0.34632077025106434,0.007119159701108318,0.16230038084235207,0.033774803761633596,0.10370392035745282,0.08515265646893247,0.0038204398623509837,0.00031544428162392395,48
0.12854715972342,0.22594742140002544,0.004264379774765003,0.03632696862161986,0.10128434212525374,0.016597485027663665,0.4868286112946536,0.00015031506809451135,5.331696450449784e-05,49
0.37031124806748755,0.04145049250197162,0.0008541645375130174,0.3605344247109319,0.04407825114384952,0.0036131906454237085,0.16910497272123348,0.0017143077283486162,0.008338947943240633,50
0.10922728984876931,0.14008310949172575,0.0020526318218304705,0.25926910041072454,0.01261919196536812,0.04422898943608486,0.4310306677102012,0.000814410607031378,0.0006746087082644349,51
0.042190525022625214,0.20662120027617453,0.002222835760133215,0.019080790396197658,0.014195866388506376,0.02330021927033951,0.6893016010296206,0.001938479481984549,0.0011484823744180475,52
0.13841202838439232,0.2502630231772771,0.0020374188862752685,0.19379967692808994,0.009474713489422344,0.012402058551499378,0.39249678513521824,0.00028890719906018563,0.000825388248765231,53
0.6877483187244101,0.06080211285083071,0.0015538449879738067,0.06781542838093628,0.02556150099136791,0.020884566367026947,0.13487125761313687,0.00033362797840401305,0.00042934210591362703,54
0.019788187090764176,0.01471743842519005,0.0005063218176893534,0.9386208093418977,0.002359420106538503,0.0023561204813639237,0.02158294084390993,2.2944021083415957e-05,4.581787156293088e-05,55
0.4866305771587992,0.02987967575379135,0.0016959908226540958,0.19889471098315187,0.02445510007909307,0.02654810244519154,0.23077639862394378,0.0008877884883285033,0.00023165564504632277,56
0.01824498087518733,0.2530620622696893,0.0012430598839440023,0.040366147116023335,0.0276019917224425,0.06639582068170678,0.5861564402160492,0.002003960674115029,0.0049255365608425585,57
0.2818720659608515,0.08672972689835833,0.0025027833545233228,0.39914105982550635,0.06798723507131069,0.01732998573313067,0.13937744739066912,0.002292408001901016,0.0027672877637490954,58
0.5327364627681953,0.1159594192914965,0.0008363654579525104,0.11459642096771812,0.007451771252893755,0.0053838802482809155,0.22264143846602621,0.0001029049376790806,0.00029133660975786383,59
0.12817044655616505,0.14048338094556356,0.0018777222450430194,0.10853867616441554,0.01696440124066153,0.03733501945227456,0.5627843087409256,0.000504152777627207,0.0033418918773240945,60
0.19022153771696013,0.020639352637434598,0.0035396215312479638,0.4685424681696405,0.23328709054135924,0.02516363730547503,0.058097283956559484,0.00012692899650372259,0.0003820791448192645,61
0.22898060028054845,0.10431519657266163,0.004099609322192073,0.5274130063142666,0.008941622499177421,0.03218607386818878,0.07956795769674306,0.01335589269197677,0.001140040754245268,62
0.11263188225540964,0.07456901464792419,0.001982293567079415,0.11993128922494076,0.022864036558252337,0.00634969892823987,0.661277094092798,0.0001076562270347853,0.0002870344983209923,63
0.06167119373705953,0.02571655448585245,0.0035736103519270947,0.4454819615348635,0.006282853294780679,0.008952425614577767,0.2997435146726429,0.001510278300240335,0.14706760800805588,64
0.07209003348547581,0.19195121095230963,0.008462783823785233,0.06638508944454401,0.04193686133722284,0.025765482945070722,0.5924443922739038,0.0002932364393039861,0.0006709092983841062,65
0.22118171495624595,0.3657672919364724,0.002037898969433583,0.054686148512228715,0.015605684099389675,0.0628194206836629,0.27360674523878137,0.003255802934052256,0.0010392926697331895,66
0.11535033619695569,0.7212386835219157,0.0008306536182786737,0.047841937701177964,0.011888563077073463,0.04517955285967115,0.05618144265513842,0.0009444321466226967,0.0005443982231662782,67
0.014204956760300721,0.23441888114905116,0.002125416204705803,0.0088477446615893,0.029592293288343098,0.030934790460074947,0.679270769489118,0.0002668654471168448,0.00033828253970001533,68
0.5699874727302073,0.02841791779807453,0.004470870791604581,0.18346744086371058,0.015395482243266166,0.02023300332827588,0.1539847289647899,0.007146883538918791,0.01689619974115262,69
0.013022918290034722,0.007945756172491922,0.00047599506000093727,0.9660389909393272,0.0028211306206629913,0.0020349480179536784,0.007514889219508107,6.842822941723762e-05,7.694345060294866e-05,70
0.01804760958783883,0.032471754296534275,0.0012215775934788459,0.023318558219356793,0.008818568974805643,0.0035774632253973444,0.9124540637600569,3.5179431840247016e-05,5.522491069138206e-05,71
0.06998421250726042,0.027243736110221177,0.0050197234918140776,0.7342673096466672,0.05476523555943001,0.021422868708689816,0.08600890583392809,0.00040719787736462446,0.0008808102646246011,72
0.3345110859802646,0.07522859687569691,0.005244167794486112,0.20395801904623015,0.024698664225168646,0.02842056046747169,0.32565052290439694,0.0013903210715995491,0.0008980616346854633,73
0.5225450081409575,0.022095104742665465,0.003333977684157138,0.17944588186922864,0.01288718880955087,0.017050460612007424,0.24225468604775915,0.0001295310024280881,0.00025816109124576715,74
0.07998938264481466,0.4280534807012575,0.003670043037739455,0.11609447199251208,0.014872449402654754,0.011388618376178147,0.3457323843635723,8.597518285553717e-05,0.00011319429841567409,75
0.5311382243808214,0.050239816412390545,0.001944540501173215,0.3553699892130818,0.018425748858945892,0.008350270322175944,0.0343287446255961,5.731383318738781e-05,0.00014535185262756485,76
0.04316205312167661,0.13112340905872952,0.00224879334105735,0.10632879903306526,0.009341298801439465,0.023484700116193177,0.6840221782877738,0.00013884090808643265,0.00014992733197880483,77
0.20651709470529084,0.3882827310489901,0.0018187989930906177,0.09426922478076136,0.010817029090433927,0.01591473291900193,0.28186796664730585,0.00027684549802120496,0.00023557631710430075,78
0.017375020967155538,0.15150274317114165,0.009802032268185896,0.040535704592774946,0.027740594072045533,0.03901395771946705,0.7138446358476709,0.00013332901494991285,5.198234660864399e-05,79
0.17811067655700338,0.06821513227715141,0.0007033563641161255,0.01297272907647109,0.01180306372106537,0.6175644585417244,0.1085134253208448,0.000522150259624835,0.0015950078819984388,80
0.08889171997211373,0.21018742952145109,0.004909314164413886,0.2164000177440687,0.012980048813583805,0.07371785300252065,0.3917902475283718,0.0008647895772588232,0.0002585796762174996,81
0.07536072754855691,0.031289054954294154,0.026275778246284028,0.5553892663106095,0.09845441582397352,0.13160742898248629,0.08104324949746707,0.00025360818268570494,0.0003264704536429032,82
0.6670822005688504,0.11491170335334103,0.001632279917963651,0.06737995025019945,0.020221580403979787,0.004708228990059464,0.11710498306755532,0.0009227808467583603,0.006036292601292674,83
0.10834753428067498,0.024646731759421288,0.001592631168259795,0.055298300423323926,0.016701691684804756,0.025757708725552976,0.7666226061101621,0.0003535979725709038,0.000679197875229021,84
0.05733842541699555,0.15640168871207039,0.003120014026544261,0.1806372203368933,0.019557667357319664,0.14812369737290673,0.4337269028275996,0.0008831651036262078,0.00021121884604427343,85
0.5712997800866843,0.08020592641306755,0.0019491816035073987,0.08438917372600792,0.013575298139812605,0.10291271217829355,0.13664942745389522,0.005944333743335071,0.0030741666553965657,86
0.20565731391885014,0.07057171833605912,0.0024721773227670825,0.09207557072552681,0.027785841844146817,0.04614333034243945,0.5546323909010135,0.00013293145402405685,0.0005287251551731481,87
0.06657429086940096,0.09491485062324333,0.006287685708399094,0.04362936141951435,0.005353427998934197,0.005516317041291354,0.7773946378078421,0.00011631146743484671,0.0002131170639396268,88
0.0777081109570045,0.10410744631447795,0.0021618978473154494,0.12897412980853318,0.050058220768857034,0.05631068473430253,0.4736818888317257,0.0015465380698918192,0.10545108266789197,89
0.20315652533028455,0.30965951455307783,0.0007057264088737572,0.20070479099007515,0.011767960265230831,0.010012330780132323,0.2605182615670105,0.002788176088456407,0.0006867140168587953,90
0.31967883873484315,0.041764276089619454,0.011490804524539327,0.1727469299477621,0.011670946234873825,0.07650580055971679,0.36361656760209493,0.00041535474299308735,0.002110481563557323,91
0.036386871061827544,0.032370493059024626,0.005966385726122603,0.047203735945593836,0.01956812860820659,0.004117722187509224,0.8542795348375622,3.0304801118144817e-05,7.682377303516417e-05,92
0.00978411253216232,0.2957777990020491,0.0006270089154296588,0.009594857929106838,0.002679736880407036,0.0037967415093458795,0.6776817698316165,2.6655239712251362e-05,3.1318160170663036e-05,93
0.06238961540116887,0.20515436582147423,0.010414260146757398,0.24633100972894736,0.029909470161062577,0.00947634144893027,0.43292980310638096,0.002538980012828619,0.000856154172449863,94
0.43235289285327566,0.06356195946210381,0.013468253049716356,0.22789543347371372,0.12592309506117805,0.08851068042615622,0.048055413732767636,0.00011847042358143063,0.00011380151750714002,95
0.26309773710693957,0.14352873802962385,0.002455175988517865,0.09120918446012174,0.008682463267627831,0.015781899959041,0.46513819537617046,0.0004978150331306616,0.009608790778827092,96
0.38832725774962507,0.14151315401039952,0.00849258045135979,0.09358259733915981,0.016798909615336238,0.09778756742307591,0.24939452555302724,0.0005487993939275654,0.0035546084640888645,97
0.37771376112554017,0.018499693346634836,0.006946131782516141,0.3316606484524291,0.14048096346307273,0.0898134983452949,0.034314663027990924,0.0003349774966383678,0.00023566295988285848,98
0.24157883811631414,0.13290712693060444,0.001615252564141185,0.281933765966614,0.020762781770801386,0.01707128022781419,0.30242577741720283,0.0003937718813524049,0.0013114051251550583,99
0.5851559944445885,0.03717349108814075,0.001332444492765446,0.09485043595166955,0.06819181157953334,0.14774095705164053,0.06375673319215515,0.00022246328102121796,0.0015756689184853834,100
0.36020194764068214,0.10289895341085885,0.004732106532142798,0.24706988762401477,0.0685904079895131,0.04760236595492811,0.1661587058879185,0.0002454066021284746,0.002500218357813242,101
0.018986364406556513,0.16104822155843948,0.0006209099471539927,0.03506526223280964,0.012710516217010649,0.006846643122685218,0.7646250534782495,4.063155333223397e-05,5.639748376256524e-05,102
0.03682316594909409,0.03863108391652563,0.001366443635395672,0.09764131528980867,0.026363393268706164,0.00753128929329197,0.790293617387587,0.00030224545682987924,0.00104744580276093,103
0.31583016721198903,0.21489661817701472,0.0019651196048196856,0.10406854081363832,0.017199498982063546,0.014409829369925763,0.3310586133110821,0.00018914439801540287,0.0003824681314514145,104
0.12303550736712555,0.40734938869016674,0.0022894347951558955,0.12992657321182605,0.016994264225754355,0.026177190172242425,0.2933038575557356,0.0001234675461918029,0.0008003164358014906,105
0.0770259496448323,0.06346844938060607,0.0017028888842449022,0.1192702479942309,0.006036932141685701,0.013633362200911178,0.7172062850976707,0.001559997420047526,9.588723577071754e-05,106
0.7361684598721296,0.01759189521307148,0.003892265672211313,0.08548110571872948,0.08330568551448105,0.03385749554948632,0.03908671394929669,7.18023074554828e-05,0.0005445762031383083,107
0.04276801570490932,0.19956299677631759,0.004226470273679843,0.08686850559316578,0.09162315651547158,0.037023984037040804,0.5373181833073895,0.00046495079064222937,0.00014373700138338896,108
0.22433801322621252,0.24245221488606325,0.0018422591213003994,0.13502249352364698,0.033672828886478275,0.058082074334975024,0.3011877323267352,0.0019265417528080513,0.00147584194178028,109
0.06321231695968242,0.043768302606700525,0.005167273092181949,0.05810574422369933,0.019896670776918306,0.009889554365851854,0.7988417746504364,0.00030236934510285637,0.0008159939794265948,110
0.02521802639169383,0.30440937068447027,0.023733953911200412,0.023732630428065716,0.06282782185897283,0.03852829741317851,0.519901103195587,0.0004846767490710336,0.0011641193677603572,111
0.45092181539904547,0.08795108743493225,0.007022252487670552,0.10078537051528613,0.07780561447105434,0.06827491309643922,0.2064639852051426,0.0006036583145839291,0.00017130307584553453,112
0.010489756867816183,0.06333565672941482,0.00165947850300306,0.008588248798824725,0.009008198215030204,0.003000964615010954,0.9036788580195604,0.00010959879596338372,0.0001292394553763783,113
0.19810771247602818,0.014208085735077137,0.000925987939222897,0.7357263587349047,0.0162414204281805,0.007810800304944353,0.02675538502017492,8.204452695324196e-05,0.00014220483451417797,114
0.3923943337043822,0.03589217331929243,0.009249446510773056,0.34152385366957694,0.026800975639497508,0.04838859271616764,0.14479898548246628,0.0005084617100854931,0.0004431772477585415,115
0.6291180297669028,0.08443417020351063,0.0011762693833711232,0.11988642197503621,0.0313389261646676,0.04103597436351566,0.08577225530803038,0.004781151936888738,0.002456800898076992,116
0.2656959502729071,0.04295960155285899,0.0037606823048448503,0.5501210080268663,0.03040400041732299,0.054934590099672595,0.0505738909019765,0.0002752062220487826,0.001275070201502061,117
0.6662580780025593,0.02888251516694937,0.001015431334607048,0.1965639686345986,0.08092692284452996,0.005562353649315609,0.020275099109364147,0.00013842907966063968,0.0003772021784153716,118
0.00806416165431811,0.82906634705109,0.0006996155000020102,0.003886212065530977,0.0024431238196157634,0.0011043116841221194,0.15465678961873194,1.7620806287469286e-05,6.181780030120985e-05,119
0.21903604121826023,0.18411458262276761,0.014045272614623518,0.13049224008198126,0.016884997870552473,0.1813387426627765,0.2500578566138158,0.003133287660047913,0.0008969786551747235,120
0.45876466729328325,0.006741450272085346,0.0005999522166937896,0.02600935646148885,0.4766121814072502,0.025247746489224246,0.00597125292436068,2.7093418305073017e-05,2.629951730870051e-05,121
0.3745659446116896,0.04957684323309826,0.0017741250356439206,0.29028929419911575,0.07912921357975786,0.02397351123037317,0.1799408001801418,0.00037001366856915347,0.00038025426161033735,122
0.025686509523065667,0.32370601705613655,0.0011115767836696472,0.00825089152959698,0.004375007764877624,0.0028429050149097372,0.6339635350348627,3.621807382743931e-05,2.7339219053606167e-05,123
0.71110437828104,0.07698084136077628,0.0014394905998869772,0.1456245981778939,0.007725327995987564,0.004934091809554592,0.05124926162675276,0.0007855586118349344,0.00015645153627293,124
0.46151804075812264,0.02534990393414804,0.007977508421451502,0.3656218574583427,0.035520472326451294,0.045860377093817344,0.0552781174949216,0.0010598174628464255,0.0018139050498983396,125
0.10067204104781673,0.2671030778371465,0.002394980719578759,0.383830138318392,0.052034517347273816,0.024979708463098427,0.16863699412669192,7.988354973750269e-05,0.00026865859026419913,126
0.11850354901630453,0.311614758404538,0.006763112040091985,0.23793433695857316,0.010975904760422085,0.0975376804786696,0.21497127812663347,0.0012855696111013992,0.0004138106036657036,127
0.322828304768665,0.06459520395401848,0.0022969924163207945,0.09139143940878496,0.023807957407575717,0.027964710941084398,0.46643709196614896,0.00036795067083784954,0.0003103484665636919,128
0.4361036991840794,0.037590611485336774,0.0018700275476142528,0.4354141486770995,0.0253893184959218,0.013131222556456773,0.050178588895297575,0.0001907737678047199,0.00013160939038926866,129
0.0541612280453891,0.2593787126108781,0.0013985097701590449,0.04272231657086551,0.02037983875897681,0.03133900915196472,0.5904422163493461,6.348471428187236e-05,0.00011468402813893651,130
0.08275436093881146,0.13185789256785774,0.0019183665986125932,0.04731428478603412,0.009681972050001438,0.0467096961537612,0.6794818905062792,5.482696407908387e-05,0.00022670943456298522,131
0.15942954141691212,0.06438487487643871,0.00035664347126893096,0.04407073389859827,0.020183831380625517,0.044955976008876346,0.6652854781965081,0.0011760957194320088,0.000156825031340311,132
0.5630021225535649,0.06737273013133992,0.0008095549366029037,0.2759918172276533,0.012776976297512763,0.0205716030390578,0.054874842033798804,0.003601595972354061,0.0009987578081155641,133
0.15222040441696824,0.08051609264981582,0.0015298705789328472,0.5737024189264961,0.021313585230441898,0.01845387141154249,0.1489885131497144,0.0003582634939196962,0.002916980142168221,134
0.6019138023292423,0.08601798219294707,0.004683811836376304,0.10696451923734016,0.032824392228055305,0.017017487259765814,0.12862848720086903,0.0021026354429714155,0.0198468822724325,135
0.01573019006250301,0.01934171181624576,0.0017222175702775845,0.014429535699332672,0.02068144117233755,0.013245030858651528,0.914341707585736,0.0003225955696517463,0.00018556966526422463,136
0.9013773529927213,0.017449819197963522,0.00235113051456108,0.052649092311065786,0.009994987740508866,0.0059784314156303905,0.009970363533853723,3.824436836044436e-05,0.00019057792533485734,137
0.1585359287802915,0.08971545985264388,0.0007988729401892814,0.044290416637981576,0.010475264252817685,0.014675608276067351,0.6811219827103474,0.00014367170211417008,0.00024279484754732023,138
0.24969019319066976,0.01427505333052791,0.0032472533397090836,0.6914939150429558,0.00444237477785965,0.008050600312273896,0.02861619142602862,3.371307086169375e-05,0.00015070550911345167,139
0.01576598795416728,0.060617702014551696,0.00048710278749692455,0.03440331843788596,0.006631135602036241,0.0019132958190585954,0.8800390403015348,0.00011939086120718706,2.3026222061194156e-05,140
0.28830771770465313,0.09587373865700789,0.007196151481146789,0.3269684044387446,0.02321649107287648,0.06237180349406548,0.19402263168324754,0.0007558522121748224,0.0012872092560831652,141
0.16261444210958062,0.25952579349665744,0.002489228205013106,0.0774673892760557,0.015183725587626165,0.026290880841063943,0.45596094733299325,0.00021200268878771296,0.00025559046222197124,142
0.5443521956649294,0.05633394706713911,0.0027945688649135985,0.18543355389426902,0.004106162568023899,0.009121519493472131,0.1976246357007284,0.00017614349406911968,5.727325245497809e-05,143
0.7334712313435637,0.019849387131263538,0.005888897751606943,0.10100832483911333,0.014143612304218118,0.054122791393423825,0.06825372347775292,0.0003072235289377961,0.0029548082301195052,144
0.1572637341005536,0.04580874026543085,0.0037256226309385146,0.13915043470718444,0.02503436012092763,0.02844747178081241,0.5995860962216335,0.000842620783344809,0.00014091938917441972,145
0.2485445524248218,0.17872869442475725,0.0044797059486041185,0.17947982957396816,0.07765731983298738,0.1854173829651867,0.12504225733961896,0.00044079871869344385,0.00020945877136226723,146
0.1636764040653963,0.0805282906816714,0.011830388585468735,0.20716311792025416,0.30788242379869,0.04263230600981334,0.18307907196328987,0.00021579655198710222,0.002992200423428903,147
0.41075346418377867,0.08490984007845026,0.0023347107523982195,0.17395649870811436,0.023613319990808363,0.08190263335448836,0.2218189278526145,0.00048108507941834074,0.00022951999992898946,148
0.025149926298308492,0.790108319036407,0.0026707349107608917,0.013577213121174585,0.005426889303658492,0.015035774672113703,0.14788775093472828,0.00011980354714928598,2.3588175699437785e-05,149
0.04275438963411639,0.0848549625638976,0.0014688116020845675,0.027594131995077893,0.00623572948754989,0.009777814636324746,0.8270234741720163,0.00011705092213119702,0.00017363498680138966,150
0.01587265683359331,0.13297807451010732,0.0022574348638166246,0.1189070626966348,0.15420606199674852,0.07070412375675658,0.5032734081514569,0.0010637118728995638,0.0007374653179862879,151
0.04126797422217903,0.6170144446612901,0.0030425197463007808,0.08264868031827742,0.020259898050138562,0.019486727146950267,0.2152816417020341,0.0003287134527398429,0.0006694007000897607,152
0.5214181746863193,0.023798317732527555,0.0007638644306133222,0.17323891787728046,0.012927087675639713,0.0265427017561445,0.23593999122725248,0.0011247645957178805,0.004246180018504842,153
0.3296857239751905,0.059223139135315905,0.0014106971014227225,0.14098801307733724,0.013372798404353514,0.013965395879704386,0.439177936255438,0.0009277367852586748,0.001248559385978926,154
0.25522505085302727,0.016792256255199187,0.006029049204174794,0.09479675661382572,0.10131163474828375,0.4769484349162318,0.04868427863430613,0.00011503994015145938,9.749883479987511e-05,155
0.2606361930774356,0.11269779224514874,0.004417710587541656,0.14228510336823966,0.047100931088046964,0.08924546665394188,0.3376139710455971,0.0022766864064210405,0.0037261455276276483,156
0.04167834277361289,0.1749428930760873,0.0037016319986451158,0.03195093881758783,0.0040811674588568285,0.0034776039183378364,0.7400011796902579,7.666544105283664e-05,8.957682556143952e-05,157
0.25418279330067794,0.11531675032759324,0.001911677681222721,0.21752849693467394,0.04630132223711802,0.016594859942727996,0.3452958943084063,7.225283634352854e-05,0.002795952431236263,158
0.34405628573355146,0.018785575668985158,0.009445953600766362,0.11936260431473886,0.12060573975276803,0.3580577810681078,0.02868477396538415,0.0001291118618896762,0.0008721740338089698,159
0.009983927848958164,0.8748446935704708,0.0009570657446100226,0.00848765926393116,0.006044776690642816,0.012185873037022501,0.08740153483950583,1.9879960156121657e-05,7.458904470260429e-05,160
0.11663863648348842,0.03619092345354994,0.0031145610314956894,0.5431194507104609,0.011048503111248142,0.013112999496904297,0.27584407917839826,0.00038516066567026555,0.0005456858687841885,161
0.3688204664690159,0.035340976574661655,0.0016296884258247947,0.12282590756666815,0.034338848954945135,0.03649572476523997,0.3998862215618772,0.0005361566748956608,0.00012600900687137495,162
0.19147706425056446,0.5837537757700493,0.0004898000854785721,0.060759099661126276,0.012043550301707387,0.0014834853330840643,0.14986067065782413,8.86178828971134e-05,4.393605726875761e-05,163
0.41319536578318083,0.16070462913284844,0.002422956562947489,0.2547932555890393,0.06363591064202766,0.02338820213570404,0.07648141749651378,0.002281893947481246,0.003096368710257127,164
0.07833870191035745,0.14203588546051094,0.001271922853812975,0.028549042357946926,0.013407394335655295,0.0061922179190127356,0.7293366205527795,0.00016503201428368558,0.0007031825956403999,165
0.3953381037116991,0.050494723557457516,0.003100730476840083,0.12033978690180329,0.17524335861278895,0.1284009432049226,0.1266296377717003,0.00025081199350814097,0.00020190376928008394,166
0.03710669754418339,0.25255334834067733,0.013249091056346423,0.06010739827372899,0.24667273636386286,0.04790823016379668,0.3401252102270331,0.0021262541002510073,0.00015103393011998498,167
0.6681976109216835,0.09343632642974266,0.01382926086913598,0.17717305929383353,0.007784417189581981,0.005183789044326313,0.034098211799849336,0.00012022316072887776,0.0001771012911180152,168
0.35904158543062875,0.1785062610362095,0.003719069827508044,0.10155376597325218,0.03778071012053644,0.042457417346722155,0.2762019926149451,0.00032306156257497237,0.0004161360876227189,169
0.36150192792662394,0.2255182751739147,0.004764329173637516,0.12936544307575748,0.10196150207376357,0.017493257786406716,0.15489219755419256,0.000616115219269145,0.00388695201643441,170
0.07474750589499941,0.24419067769139907,0.0033012603753554428,0.11269796318335888,0.03211351455977727,0.024201690469674818,0.5084452170304773,0.0002025800957910182,9.959069916665342e-05,171
0.05498652336317468,0.08978972038776166,0.00693951031372048,0.10450914595772384,0.03697842167945114,0.040887361068977245,0.6639993184320153,0.0014920730550474928,0.00041792574212821476,172
0.2947216752292306,0.3227246191094487,0.004616470692773968,0.04979292137181049,0.06429351938698573,0.08228459439739177,0.175826162780653,0.001433004908805559,0.004307032122900411,173
0.4160466267394583,0.033173907003466604,0.0006297721041866081,0.12167141463808967,0.006076947251785161,0.012566341634450874,0.40416863057055263,0.00020602338241955875,0.005460336675590757,174
0.15117017340331848,0.1538982936947131,0.0021064125166263444,0.03252022714298078,0.0209478640553182,0.026133618881545213,0.6121730955204773,0.00042335872933654703,0.0006269560556842348,175
0.1776875994883244,0.12941613164955337,0.002073420594112869,0.425210459379108,0.020859312959120455,0.00897665185664935,0.23538088248534692,0.00018560896215477204,0.00020993262562973128,176
0.17315696669049185,0.07775185185680915,0.004823081160787248,0.5102192784340595,0.015640053178496774,0.007475620792197489,0.20728446564790814,0.0018062856833132958,0.0018423965559367038,177
0.33897414873399334,0.026291839546434166,0.0016363701825009762,0.14407810281587088,0.01876663820005783,0.011028998018456304,0.4588295351519505,0.00023862149429737387,0.00015574585643827026,178
0.5263643780467806,0.04204962936995437,0.0027011777867496428,0.2719144966924129,0.008612135735143146,0.041605263204676564,0.09353285659083034,0.009656351768940698,0.0035637108045116495,179
0.07508126123174487,0.1697603789998929,0.005748128385490418,0.0746998631781314,0.06637054085571042,0.08087456925128873,0.5257078256515013,0.00121634854674688,0.0005410838994928896,180
0.45158964217686387,0.25544326964592445,0.006389524014409835,0.15234874451386513,0.015675807088710147,0.020067504077955007,0.09731353484689988,0.0007046035220116616,0.0004673701133600312,181
0.06344496860080134,0.06773540231114568,0.0005939493830322157,0.05091439069762839,0.005500495163271862,0.014146866612844044,0.7972593936999796,7.744463283097874e-05,0.00032708889846622054,182
0.13228467433108804,0.34737391080374436,0.01051742497122638,0.14579080567697195,0.07915831159188379,0.11468723491815352,0.1066003560831188,0.054572008663219825,0.009015272960593495,183
0.35484043051282244,0.017159266682716244,0.0010802922119570093,0.5743117809169052,0.0158658469252552,0.02016390248384462,0.0162717602207036,0.00020193320850672144,0.0001047868372888259,184
0.04613808668509234,0.22167835520546794,0.0021962825190578045,0.025233951715887278,0.008759878393586674,0.008929724660789451,0.686900870695734,9.736396444107526e-05,6.548615994332282e-05,185
0.4268977556271414,0.08793642145057762,0.0019107565083331393,0.1686760507634724,0.013343192533610571,0.062185777131333594,0.2376388427024592,0.0012551255761273378,0.0001560777069445045,186
0.22422361246021974,0.05614871146503014,0.003218308938649725,0.2971137985112182,0.059678610814734905,0.034157741029040595,0.32483824229937425,0.00038493939666797277,0.00023603508506443217,187
0.04114032287402382,0.1184909098095227,0.0019403132563229227,0.17343615741278695,0.01838296003839438,0.017149781834677053,0.6290451291859597,0.000166335192937734,0.0002480903953745476,188
0.025638430045423658,0.01823651889699261,0.0016698675183839066,0.04721299756643074,0.021851991157126938,0.0069309277808885465,0.875913839488243,0.0003979790592369273,0.002147448487273713,189
0.22254290120885997,0.04209826812435125,0.0013045854373886997,0.29165568556689797,0.25655068697171585,0.020723582946599664,0.16374611465534342,0.0006584630872530221,0.0007197120015899288,190
0.018178886842786197,0.24232089060171694,0.005309636830448619,0.06146850682102927,0.0323997543797897,0.033126927944607386,0.606608665554876,7.735669383085504e-05,0.0005093743309149189,191
0.29810543061630856,0.014081175057457748,0.0014575090867777153,0.6439619357977517,0.01450385653556858,0.010124021868270782,0.01735605883344451,3.873559299482241e-05,0.00037127661142546953,192
0.02623835955163036,0.19373262206416672,0.0005379950384171115,0.04393304923832059,0.004150067233198149,0.0025642881177542084,0.7287550940559219,3.263680436927578e-05,5.588789622193033e-05,193
0.2472976041696716,0.15773725669678554,0.0021976193827470737,0.17864450892136124,0.010643064254281243,0.026379470038558558,0.36262791522353366,0.0006800831411220139,0.0137924781719393,194
0.6721556143177149,0.010053631181275361,0.00039377978373048684,0.24905841091860365,0.002297314474881737,0.011334249131819093,0.05441717188630694,8.752546376934698e-05,0.00020230284189842163,195
0.4465838689355661,0.1492801050158117,0.01029728155870634,0.2182321604779001,0.049524358133981455,0.014444176700331138,0.11099939619006646,0.00028568036467646894,0.0003529726229602509,196
0.26134558918130024,0.0604026076966854,0.01189759745544991,0.2086968397396382,0.07559309271980794,0.12572077362886058,0.24365042330964504,0.001042096053652447,0.011650980214960313,197
0.07544585131682273,0.34178158752605137,0.004798232903434331,0.11972044510006687,0.007765514078861967,0.011874535692946461,0.43631390528495506,0.002094338818099516,0.0002055892787614742,198
0.43287529144878306,0.04191227128598929,0.01053069779320049,0.09627703234743812,0.03466768753921398,0.026970800918465602,0.3505834979671212,0.002710691794782869,0.0034720289050052078,199
0.458196082708631,0.02903613073247404,0.015882430744810782,0.3890851050735732,0.026147238958414268,0.00904940206409189,0.07242132251988098,0.00013044036643218657,5.184683169156218e-05,200
0.04094157745346787,0.11035103200292251,0.0006262599963595456,0.03928246018850037,0.00882382022558424,0.007894218039188208,0.7918645447324882,0.0001637255276772299,5.236183381152037e-05,201
0.015166367296103607,0.36301601326134325,0.0012567469108690208,0.016054604800319117,0.00869043695712754,0.004058060694683594,0.5916608089961902,4.192992637910769e-05,5.503115698448327e-05,202
0.3203318830651178,0.009305145920816845,0.0015428436860826285,0.6265039007621278,0.012095555268728707,0.003652385501327258,0.026002456101253048,5.942686244587876e-05,0.0005064028321003503,203
0.04537121434238775,0.6429841223359194,0.01632155634781427,0.08395902224768949,0.01892924654276742,0.03330343959922154,0.15303206836922317,0.0007675242898389502,0.005331805925137933,204
0.13452635781325048,0.31276872185309845,0.003972153811698838,0.09216193010596743,0.0652221674837669,0.17487470813837377,0.20492270170857815,0.007963114820961677,0.003588144264304664,205
0.09220464588425432,0.2665488632295409,0.003692964733045041,0.05049350387855746,0.032239998430265634,0.02475313485000076,0.49744089764446825,0.00828594710076677,0.0243400442491009,206
0.5012042788436496,0.04896056751498864,0.0013777270530506058,0.3567087627151991,0.03585824608174551,0.010894737023645639,0.031607484954612436,0.012027033118600585,0.001361162694508092,207
0.16584470798891443,0.08696113906258476,0.005745035160104506,0.256725806645786,0.02892389211852621,0.047326228912298596,0.3998127853916289,0.007887025944337381,0.0007733787758193006,208
0.36005809833060237,0.059100254646371905,0.014135679566968444,0.49399044062777925,0.009954157985712638,0.011598906253494816,0.04995942187771234,0.001007509526710571,0.00019553118464777535,209
0.12017271031968198,0.01825436523601958,0.0011556577182994102,0.045317847808401826,0.017406497358479923,0.0908237451707807,0.7060345552940674,0.0007232154825989614,0.00011140561166997268,210
