class1,class2,class3,class4,class5,class6,class7,class8,class9,id
0.02451351256696789,0.2759444473987993,0.00145106738235214,0.03943597560001382,0.008279798093810008,0.011508483442445497,0.6386992927649012,0.00012848390009989624,3.8938850610505764e-05,0
0.3501460456433601,0.04084924873645427,0.0014656589171742672,0.39945634543238967,0.03457581284436996,0.024850131493581305,0.1470518839348387,0.0010995110319982602,0.0005053619658333792,1
0.04567788138050593,0.21399917328215953,0.0017042722148810543,0.14471567887719902,0.015869396959100623,0.05285031046923919,0.5224340493124555,0.0025489064588324357,0.0002003310456267165,2
0.06288045574893508,0.08542784940133123,0.002363444706403495,0.06735689074571566,0.034082078053603575,0.01124311182532697,0.7354898647697745,0.0005118075772928081,0.000644497171616768,3
0.13412697563920106,0.20267534754780075,0.002588270455711162,0.4010538827861869,0.027403056793267454,0.0134694857975709,0.21701489463480544,0.001425075415804648,0.00024301092965178518,4
0.46945810330371884,0.030875727937335437,0.0024539944455355496,0.4188683670339831,0.038050316814802164,0.011363041739806663,0.02834605157959621,0.0004529460381528847,0.00013145110706908863,5
0.36484299585844354,0.1218115005789243,0.006464063158186668,0.2034257766178797,0.038915839427622945,0.009282654656322886,0.2542991014913989,0.0005834995200500466,0.00037456869117113837,6
0.04824641146498661,0.021947013290412713,0.0034935673332783415,0.7649263793194581,0.12007727375287185,0.0140109557873819,0.02699876005755142,0.00025961253906737277,4.0026454991735795e-05,7
0.21889036004018528,0.26525966642085125,0.005334679249275946,0.28013445684414157,0.05566911340651738,0.01878433429071588,0.15466698134997967,0.00038519081781197666,0.0008752175805212118,8
0.04108798091179579,0.23285826231317786,0.0025173057403295855,0.031075365297955466,0.011454730568573171,0.018970849294894135,0.6591747817911895,0.001988348897855239,0.0008723751842293202,9
0.015876043704501488,0.27286121401923785,0.0013669847870611328,0.0075034677871567,0.014209583503591323,0.0020051712745798697,0.68604985806955,0.00010847445049167106,1.920240382964682e-05,10
0.09143983792741277,0.019830994777051306,0.0036127924563921997,0.1348254103332796,0.006434672284673134,0.004913776877928615,0.7386971173179488,4.815023349670516e-05,0.00019724779181682506,11
0.24428618275314598,0.011387827605249755,0.0015199060041975517,0.03779598855801988,0.2262977121884963,0.46304651077320685,0.014017387879367814,0.0013886174038582992,0.0002598668344576384,12
0.06813072240167121,0.0896340029366557,0.0028817706808076504,0.05294087337585616,0.007638273977252834,0.018488753073826848,0.7601012779676803,0.00010428286371043007,8.004272253857924e-05,13
0.09609195599594125,0.4548019691854287,0.004283647470531754,0.07912388955565944,0.03922699388735533,0.05189846803264872,0.27335729702422645,0.0008839299981865411,0.0003318488500220848,14
0.03379741909446388,0.1704614601800748,0.016856647473234024,0.044269876202440314,0.042274592133878325,0.017042391229036117,0.6546938355435318,0.01632012349902725,0.004283654644313248,15
0.1689868442429891,0.175328232797201,0.0029132192351217275,0.19381059900232217,0.05696627619917051,0.014383600358395017,0.38698946531418227,0.0004182768562638624,0.00020348599435437878,16
0.008728923041679538,0.6238918794495703,0.0037402352546987406,0.025309795964974357,0.06248108565235679,0.054126439054435406,0.22034312120838723,0.00031071859157063295,0.0010678017823271954,17
0.08133198921460262,0.10177650524926703,0.0026474948689093484,0.17953543794744029,0.008028071101915973,0.017487347145486633,0.6085967879056706,0.00036068812125083816,0.00023567844545665303,18
0.004398003933878234,0.017142168512890504,0.45415723295016924,0.0068302364715513994,0.007343434317860427,0.00150425559285981,0.5085097787550636,0.00010374596566688038,1.1143500059897509e-05,19
0.40413159471008686,0.08630988885494295,0.0017682077489286827,0.21698578475821612,0.04922946381868695,0.039129411338423785,0.2016324885050371,0.0004673892773621286,0.000345770988315224,20
0.02673149434463624,0.34669342565868644,0.03156336187222751,0.05558128921620612,0.018513727175951913,0.11098424634385592,0.40623268081168235,0.002599935641970317,0.0010998389347830191,21
0.2619250920808879,0.017957290098686306,0.008592712987512593,0.6300584244380145,0.01038067819389315,0.034062120924680604,0.03348977870445509,0.0018006216480611083,0.0017332809238087455,22
0.1695145716558524,0.12804565101365173,0.0014615123733285804,0.02398689900308365,0.008773795927416478,0.018440158005452487,0.6479329945292661,0.0016260800313172218,0.00021833746063144193,23
0.057628463294452,0.2133844862148697,0.008899440659528898,0.02751412595035869,0.032124566994790195,0.020198120728647927,0.639917964125453,0.0002890535380002902,4.3778493899367774e-05,24
0.0983966658703971,0.07657162889413209,0.004794577091291205,0.3130071729842021,0.011458201552386093,0.023772995319319173,0.4712219654965173,0.0004032769699391393,0.00037351582181568353,25
0.2769791138180834,0.08366112359316004,0.0033183914550381256,0.4524949082605621,0.01852602081917785,0.005952184402605677,0.1587720370625305,7.126378139046877e-05,0.00022495680745189965,26
0.008109310013351228,0.3822590775251213,0.00151665137062146,0.006853885582289693,0.008742731550103541,0.009738043050030197,0.5821553455383636,0.0005874006745115755,3.755469560773922e-05,27
0.23223037929179272,0.15038873391048285,0.0032411032014475244,0.23177558722970465,0.01630973541358929,0.006643654382025768,0.35203190552085306,0.0015684061681419316,0.005810494881962173,28
0.03554077376629701,0.5185636799178123,0.0036068212868124922,0.12140298431910305,0.025615035693814774,0.010173796163891151,0.28156181904345756,0.0002847003872141383,0.003250389421597446,29
0.020670638124672538,0.3346960266509498,0.0045381594267329935,0.026521345195188624,0.00542957606320389,0.029655708934301302,0.5771372267001615,0.000894495268642351,0.00045682363614685305,30
0.133393931569102,0.03365072127921142,0.006950497405099437,0.04285177471994959,0.007909693246373401,0.017873790355088078,0.7537230217137553,0.003198945057969052,0.00044762465345180854,31
0.01751234529328821,0.08648523157167436,0.0017971420255003322,0.01778631089062083,0.014651388642151694,0.015219321549295244,0.8461366699213065,0.0003289665021821777,8.262360398083735e-05,32
0.5043983324976303,0.054224245239703026,0.0017896869636837471,0.1884573480174878,0.00711968707684372,0.04006476418945364,0.20364113849420482,0.00016734822739236587,0.0001374492936003859,33
0.021894636401215563,0.13753219193274221,0.0019045284091695528,0.09266148130234521,0.010618867007038938,0.011173434383872066,0.7230739031072038,0.000712485936939524,0.00042847151947316087,34
0.13134867613159015,0.10677684818642544,0.01074039214452962,0.4788041487480621,0.044322999425180615,0.03993209951940647,0.14895739461962368,0.0012906476503759937,0.03782679357480572,35
0.26711056945643646,0.08525727862442427,0.0010845959566032621,0.21505120703264738,0.007111118625259632,0.03777098779987875,0.38577148250476573,0.0005013751832353811,0.00034138481674931285,36
0.2485827590048426,0.040008720903038954,0.002166829243213382,0.5459867475338132,0.05662423928360616,0.047427738206569696,0.05871483428252382,0.0001636845578964385,0.0003244469844958848,37
0.07905835168890017,0.08531960939744401,0.009580592778095422,0.019926064929796403,0.024001752286496498,0.01839445284531803,0.763395768005384,0.0002706878025636479,5.2720266001862034e-05,38
0.5791522000100975,0.06057981318498465,0.012537546529801035,0.03846138679936464,0.009645917298146258,0.061509813289391826,0.22852589362559944,0.002514560228759536,0.007072869033855201,39
0.0626963138788829,0.4766784230968804,0.0011162100014033662,0.06661698617991438,0.013857540777825498,0.009654735526454272,0.36847542191500965,0.0006742212400107986,0.00023014738361836544,40
0.23067931762559504,0.0650558822941316,0.0028785800200701673,0.16870181039185816,0.010060195316458973,0.16375967740495698,0.35854090980679837,0.00012663717820814296,0.0001969899619227551,41
0.7718846174913445,0.04261774861610336,0.001324825670116997,0.11808784258986789,0.017916245529748232,0.021570960705713592,0.019468225924386948,0.0020444412609261758,0.005085092211792505,42
0.15469332049346202,0.27934409947080074,0.003435706976015175,0.14502877521298424,0.008719210039345159,0.0077076382898721,0.3970417941571861,0.00030189486842778263,0.003727560491906601,43
0.05490443002075914,0.09293009300516175,0.002809398485315573,0.04219740632871051,0.030707655385833844,0.0338890060133523,0.742453541027374,7.102985505807401e-05,3.74398784347776e-05,44
0.040652912030941186,0.054406389094454576,0.004237177625956061,0.022553767853468784,0.09449227731352029,0.01958035004078024,0.7637804596175598,0.00024455054059444986,5.211588272446242e-05,45
0.1807545297100341,0.18785589102309738,0.00444788208446027,0.23601450499025764,0.04605231731527629,0.011616982910868235,0.33113569110143787,0.0015713327777647666,0.000550868086803695,46
0.15169443915831934,0.022271327916677845,0.004124534154552089,0.5774317809784838,0.11749506676765112,0.03982471962468628,0.08698665680062594,5.628036055285631e-05,0.00011519423845061194,47
0.20135308066294827,0.5823909648094492,0.002278918934298625,0.07598973084319453,0.004785964640353329,0.0314748460544188,0.10103751659194626,0.0004756926815032657,0.0002132847818875627,48
0.22050710264449672,0.3842083787402006,0.0064246874729067425,0.10638359426446892,0.013923112520649886,0.04992230474357976,0.21736076366604545,0.00041790095472432273,0.0008521549929277215,49
0.3493364573282636,0.05677501785420907,0.003836085380758424,0.4512325820750538,0.010999609945185885,0.006194314031843901,0.12048278545954186,0.0003154568961634615,0.0008276910289800624,50
0.18672376354412168,0.254473463235163,0.0023267082118732262,0.4094158551796806,0.02949813018632653,0.01728941696130576,0.09636566784250523,0.0024866253189094736,0.0014203695201142523,51
0.009378542545064419,0.037702994527607205,0.0031639819381526126,0.04229567570227115,0.00597536324848531,0.007104185707632017,0.8938059005656492,0.00027202227714277376,0.0003013334879950762,52
0.024680014212112078,0.23078486681059635,0.014061948031720601,0.11158234876440759,0.007991955130472163,0.03261728968165892,0.5758767171525236,0.0016089410583416206,0.0007959191581670861,53
0.35574891216481747,0.07390022487047604,0.0038074111162873874,0.19719951055555796,0.012343682230386278,0.07376871311278026,0.28215868750438816,0.0003034041609922118,0.0007694542843143562,54
0.07048944644139338,0.007451170223254512,0.0006084550902387938,0.8888873014138857,0.004592396243116377,0.0045810570638177795,0.02330248543139989,5.982483937004036e-05,2.786325352358326e-05,55
0.7097619121327439,0.03603272405079369,0.0012565087021504137,0.10699703804480504,0.018748520849373264,0.020984059614850156,0.10513343968483342,0.00041422439873419273,0.0006715725217161054,56
0.014696345147487322,0.23146953517345578,0.004532133269667013,0.007825177479747272,0.010909126382928203,0.026856984478015107,0.701257479960009,0.001244480283241659,0.001208737825448739,57
0.43956247131781934,0.12671765061127346,0.0018620516752858429,0.19920821396469673,0.007706358271704342,0.04350028331776879,0.17910155208214928,0.0012120049909944398,0.001129413768307516,58
0.1121161708681694,0.05175531480072857,0.004984952482874904,0.13641433115500115,0.01626103119329018,0.022073440375513027,0.6555797932504238,0.0003295613893711062,0.0004854044846277276,59
0.04714930782074202,0.1309953398397064,0.0009847688735091986,0.1886071661314156,0.011858726899298231,0.022580069681601738,0.5972763294999462,0.0001396537793913165,0.000408637474389175,60
0.2250202722956275,0.025422058249024788,0.002629552298727338,0.4937678939092195,0.1188803503024584,0.11359265319565798,0.020015294222273074,0.000205484936872827,0.00046644059013864914,61
0.2905843816391218,0.04461656050596464,0.006589210190969896,0.4806120712112037,0.023160497898395072,0.018521881616806922,0.13320203237857692,0.0005285720579460548,0.002184792501015009,62
0.0720471564214397,0.18693075549409682,0.013205922098608047,0.08503478880585842,0.0212369309833613,0.00337411330944998,0.6154984840917798,0.0025257060367764625,0.0001461427586293068,63
0.2427071074671083,0.023834051625776457,0.00191499983303061,0.4765368734078597,0.040522827751366626,0.01887997715714243,0.19408130988247285,0.0008983004390728039,0.0006245524361703159,64
0.14049886587523908,0.3068773609313157,0.006954431028742645,0.11850870075212086,0.038714957071109765,0.025274691028927553,0.36275951282658075,0.00018236900117580732,0.00022911148478785946,65
0.11970713566236507,0.35739960618862826,0.0031061045700898245,0.09342392436954941,0.00963932557036555,0.030160902746479527,0.3856902651929114,0.0006748412584901238,0.00019789444112089537,66
0.0625788472264108,0.6298984663948712,0.000835218881360789,0.059455573702111957,0.010884225351490638,0.012549401715659488,0.20619556115552182,0.016929853410118434,0.0006728521624545721,67
0.02716640829155335,0.24960552130389427,0.00464078279644615,0.02572911296590317,0.05078648348609957,0.08991042128642401,0.5504454014644462,0.00017308025011716636,0.0015427881551162543,68
0.37735088768348196,0.0696916154488141,0.003918292381009565,0.371466840600479,0.03563901856393995,0.09612545610054136,0.03882384128316931,0.004809394375663169,0.0021746535629016592,69
0.009124064057030668,0.0021916574486880937,0.0003100103148063307,0.9800130762597038,0.0021895028269935577,0.0014344615642362278,0.004528842424510032,5.619071779880276e-05,0.0001521943862321996,70
0.006467754233812848,0.018921464972015828,0.0007689257201163507,0.018070438926258897,0.002866248951446561,0.0032678377463266207,0.9494965274897906,0.00011179369007271982,2.900827015987824e-05,71
0.18088330812290931,0.027406823781267152,0.004549702155108671,0.3458474540042864,0.09646669643556104,0.20747112868996334,0.13356675951590247,0.0034287699587855843,0.0003793573362162074,72
0.12706361423068283,0.35662275812645833,0.002674835718762307,0.06588321055230667,0.026998733523638168,0.031237239877736224,0.37918891851162434,0.007454715325031661,0.0028759741337591577,73
0.518252621172387,0.04349213306097037,0.002491034520951031,0.03651964846898369,0.00501769890410199,0.029451624684007895,0.3642066211534561,9.985622273471438e-05,0.0004687618124069973,74
0.06306316938942325,0.2842049896085667,0.00030257196703492996,0.046060421099780334,0.014389566479614443,0.009380265869387661,0.5824744860858286,5.3746452047606084e-05,7.078304831649607e-05,75
0.30193523427759167,0.03709614755816167,0.002779173967092777,0.5873164222825484,0.011205272840209076,0.008072441078222574,0.051389048924869146,7.35776574099628e-05,0.0001326814138946645,76
0.055825977909657314,0.07605999610842192,0.002350788883240321,0.06926824256521576,0.004214576935269655,0.013785504991596443,0.7783237758295681,6.089183246572416e-05,0.00011024494456498285,77
0.28401494246666126,0.1312984563465497,0.006120502757266699,0.12734911203240468,0.03810780535906372,0.01930553017965706,0.3922451529837822,0.0012607322087542824,0.0002977656658604695,78
0.014982444520532334,0.06681369871271947,0.023647534270199545,0.011389395408059591,0.018454631103065118,0.004441220973947418,0.8601717130989579,5.820587395805422e-05,4.115603856050034e-05,79
0.19797337997469566,0.1587481049437415,0.012717743265960233,0.23306436252139423,0.03460157497443754,0.17869980430571633,0.17706225123340388,0.0026741235369139712,0.004458655243736452,80
0.10196263244159004,0.13630305281211497,0.008523493646853767,0.1388512028498318,0.04775039505278196,0.015074275657453323,0.5507053473986734,0.0001557681841001339,0.0006738319566009847,81
0.11369088403566678,0.016812521328361526,0.03443778852933887,0.29492009355040016,0.06822977784584977,0.27683071629878614,0.18948153734132675,0.005142277600557458,0.00045440346971237645,82
0.32315092537811735,0.13134961889503974,0.006423363479094266,0.04025451820568239,0.01682900551790051,0.062177685685766516,0.4161189691989683,0.003001933813921675,0.00069397982550927,83
0.0460915533637971,0.029147386064119228,0.0027259052944214003,0.06182492716504632,0.010464788227624134,0.02844742630085987,0.819859509628876,0.0002609947691437152,0.0011775091861120925,84
0.03162937023940182,0.2372119931133382,0.0015863147283642195,0.14973449918295814,0.02593136969821858,0.07026006155604952,0.4832756824539471,0.00027092340106841313,9.97856266536987e-05,85
0.580471182061477,0.11473543081933367,0.004577099971642875,0.06316340076058564,0.02229167972713351,0.08277715309324388,0.12610671864391618,0.004845318825706546,0.0010320160969605047,86
0.1326738964490528,0.0850883150418583,0.01944640689839148,0.06504918214383669,0.035088308395472625,0.03883494087873599,0.6216303781104158,0.0015351924209774225,0.0006533796612588197,87
0.09923286931833082,0.26225483747950384,0.002971599051633747,0.03786193992097904,0.02634748439391226,0.00999657747249768,0.5604790029257103,0.0005126967094395411,0.0003429927279927629,88
0.12142793208531412,0.2163117438930051,0.0013688592890630244,0.08487291536081595,0.029086012446219018,0.03235079283465523,0.4098998633017843,0.004291410164491375,0.10039047062465199,89
0.20188148534888342,0.12953390879734425,0.001788993138941965,0.4909258514780996,0.005887388802770482,0.018097768232062564,0.13344557710595617,0.01552572706267167,0.0029133000332700783,90
0.34447289509070084,0.050666600296412394,0.005725911859781818,0.1817925488396763,0.006843627277357566,0.016401941345088898,0.3934022808145421,0.0003628672045612083,0.00033132727187880644,91
0.04543516997702565,0.04569269147081276,0.007278358295957939,0.042741792672989075,0.016571111717260965,0.02294462358189019,0.8191665258938612,6.531636866251895e-05,0.00010441002153991143,92
0.0053216097271853975,0.2699516181737438,0.0009549823735595814,0.004014152269631386,0.0027271748746503805,0.0011501023542832371,0.7158546692137956,1.6701609842406796e-05,8.989403308049324e-06,93
0.05621065337338227,0.11354187289317991,0.00560546481949883,0.3397958302768242,0.01949259384495656,0.02219452609295839,0.4415095492608455,0.00026734704151951447,0.001382162396834806,94
0.23014084164450962,0.034988865919758846,0.0011860859599487092,0.5646760172835545,0.02925451013354085,0.04856810224791131,0.09100609984574391,8.108140903307429e-05,9.83955559991363e-05,95
0.07891800847159365,0.38276128044567764,0.003039583310517234,0.0896714976053688,0.06758584477866156,0.06673692733319012,0.307076304302417,0.0015446750950759897,0.002665878657498193,96
0.23619166294612204,0.09256783942452679,0.003890637729746286,0.034003313903660716,0.021910155526703633,0.11148017464319517,0.49789508833766105,0.0012918984309390866,0.0007692290574454163,97
0.3733574500263438,0.07708589782081718,0.006290458163381373,0.4384547880170652,0.024868402317575797,0.038303108963406725,0.04028503213588423,0.0006866992935687186,0.000668163261957116,98
0.30544578682431045,0.17590520034836715,0.0039035955256286428,0.16953377742446485,0.00594365505250392,0.007370560286013969,0.33169514752752927,6.074942332930507e-05,0.00014152758785212794,99
0.5090969095717509,0.017559290903670675,0.003708461905841739,0.08914838295269686,0.09789421373519795,0.2324938307986583,0.048910710897297205,0.0008391150777518023,0.0003490841571343672,100
0.40444290684729056,0.17652566839403142,0.002224027186940484,0.17425285300267124,0.020694885498918125,0.030894871265081225,0.1883246688124482,0.0011641664750078726,0.0014759525176108175,101
0.052745390691186285,0.0806548178138467,0.0019598138735279764,0.07537354318459269,0.012259627972228524,0.008738813426141736,0.7677968007400272,0.00031794630572044657,0.00015324599272826885,102
0.044886708843799125,0.11700273707192752,0.0011704844294211565,0.06973799988517106,0.0119756711865321,0.01645409336328288,0.7381926390569994,9.116695580208845e-05,0.0004884992070649165,103
0.14366808599544673,0.3061289579148882,0.002718022082879075,0.13277652009477872,0.013659764763955116,0.02137005375906425,0.3759860304925833,0.002259351952515615,0.0014332129438889573,104
0.18500202380492434,0.4041898689102689,0.0038371154952645315,0.049800853071191795,0.034933379547604226,0.031957598453958735,0.2900250686076674,0.0001937683946410578,6.032371447893134e-05,105
0.2299421397072097,0.07955013653546696,0.007899068666812805,0.050691231303999586,0.029609913317892735,0.07496161637353514,0.5230168279222188,0.0030377010855539167,0.0012913650873102945,106
0.747572078187382,0.03154024529418293,0.0022947230186173883,0.08598231309668876,0.04883245216184107,0.043357798489648734,0.034009877834435126,0.0026973850806177213,0.0037131268365862835,107
0.14093418016059733,0.13826730949544846,0.0031759210126475,0.1035362768406003,0.09583528009441723,0.015184990211883444,0.5015492094105103,0.001354106991206415,0.0001627257826889921,108
0.3079776447894521,0.0684438101811113,0.003266834634257522,0.26668979926903497,0.03186658170198207,0.04596592585756381,0.27412003518334993,0.0006912410247247742,0.0009781273585233957,109
0.10287335717698295,0.04385900639275925,0.003311227223740833,0.05839090483636298,0.02181512909873345,0.012982613043043835,0.7548695685897004,0.0006295711556146932,0.0012686224830615715,110
0.10967812197162849,0.2971260245744158,0.03323005155620017,0.06585040664851693,0.05774567812883179,0.028899640636170867,0.40093490184218283,0.0009125050211197626,0.0056226696209336355,111
0.47072077619628483,0.14905144541333676,0.002574945995108731,0.1662170831729325,0.06133293610131672,0.0431418686943423,0.09958718879611038,0.005672816977029721,0.001700938653538107,112
0.008760423955300863,0.043394898799225916,0.00033885737735845283,0.008615899968951051,0.010982425255356544,0.004902349462611277,0.9228097352387706,7.195101862339034e-05,0.00012345892380178825,113
0.4030038557948553,0.0335645207448199,0.002366515703437355,0.4767892671632872,0.018691738759425976,0.04267032488014124,0.020107622714416924,0.0020779466219643648,0.0007282076176517787,114
0.35343792883140324,0.0314757429933101,0.004700647350493752,0.4145568022495836,0.01040759910856107,0.1072089230757197,0.07700201972499907,0.000279867954238026,0.0009304687116916034,115
0.6536026389875307,0.03607409530097266,0.0021400450197628304,0.13860478900718112,0.019697694707351273,0.01227474489558832,0.13668837949836093,0.0008180526038054427,9.955997944671938e-05,116
0.16275192010065598,0.010804175915827689,0.002996659457324559,0.6924795376845424,0.01590477980057409,0.07643029465317451,0.03711591830830307,0.001165433290126306,0.00035128078947147,117
0.5434209861422021,0.026235513182397814,0.0031864516714885265,0.3043284958742404,0.05701942568167585,0.014612311069381868,0.050985752200031924,0.00012894673620729688,8.211744237416563e-05,118
0.0050884854379613315,0.8938524755496416,0.0005161330893724954,0.0030477411718621726,0.005424889420857774,0.005071413168891423,0.08696402718426272,1.8676343917940447e-05,1.6158633232767373e-05,119
0.3829360092675227,0.14246620830445375,0.006839168256809224,0.19118816823542537,0.03212989158182238,0.034244356044983215,0.20949716305478372,0.0006140759137016064,8.495934049800368e-05,120
0.46591202014879135,0.003893278263972699,0.0008834261113652764,0.02444386516829022,0.47710202074885466,0.02128931787024201,0.006428661635519535,2.663759151015825e-05,2.077246145391741e-05,121
0.7209647026501936,0.08545024726626758,0.002870277126434114,0.05218561183988998,0.019219988094278277,0.048321013662193345,0.06599044916708798,0.0011205872817063125,0.0038771229119489562,122
0.029638384614341207,0.25347700781169946,0.003168948437483412,0.018115441260127405,0.02393695889218123,0.005557838680276673,0.6658708462539856,0.00010207842730046299,0.00013249562260451514,123
0.7507278506469613,0.05750999668654461,0.004014984983604838,0.07065742791103607,0.016276815977188656,0.01813495993051694,0.0809899520796532,0.0011360612197942527,0.000551950564700045,124
0.42734733124072305,0.027618383152017627,0.004009957509024054,0.4172956546923837,0.024011655392377835,0.020476071196841632,0.07736380331391166,0.0002980050352857606,0.001579138467434457,125
0.17746946690862925,0.1696565158851057,0.0016673690379573702,0.24424423470365175,0.030100019123213487,0.03238031418666334,0.34392621297779086,5.371149762073729e-05,0.0005021556793674115,126
0.16248991940494095,0.18030627198888316,0.004458774814284785,0.1377238741403294,0.014591453472111899,0.025209697736402956,0.47117564131342116,0.0025314716026896417,0.0015128955269359632,127
0.15872115448744334,0.17209596317067719,0.0016221336464078537,0.15333364423712703,0.0067181515588293035,0.007022756206559211,0.5000540830106587,5.258973990447349e-05,0.0003795239423929777,128
0.5797706476802651,0.028325221957894497,0.0016438550772634192,0.33691209585304427,0.00415471186426694,0.006959880489389196,0.042104097656092083,5.2288061914869964e-05,7.72013598695549e-05,129
0.02719795714585829,0.2358829479538741,0.0030404422868041993,0.04165448595736114,0.008005001933372021,0.0326279069875728,0.6505660752441091,0.0009544763311556664,7.070615989274836e-05,130
0.01481707115607869,0.4939472451244752,0.0030736788213562775,0.09348241376152888,0.020650731633264762,0.0395614771870116,0.33376899850695346,0.00043613285801048725,0.00026225095132096954,131
0.1586593167310854,0.08897966370547393,0.0017305247380267968,0.07891457867083787,0.0209568857738149,0.051800131528928005,0.5986805662739378,0.0002053928023889337,7.293977550639519e-05,132
0.6939216964045063,0.020489589623607952,0.0007083498652239651,0.18616037315047343,0.007838492383021627,0.022087858914566272,0.06850296637073551,0.0001521991840860116,0.0001384741037786644,133
0.14848150103134208,0.03431204165367086,0.0023654989514468243,0.46743865408592955,0.015546381258737014,0.046652428978656325,0.2827199204610925,0.0012199297242112394,0.001263643854913571,134
0.40244348203186564,0.05044708284222347,0.0041637475157069994,0.2321888248055339,0.041702231702449716,0.04300332683678794,0.10478222962700601,0.005550631951727384,0.11571844268669884,135
0.130683555255449,0.08947871943916441,0.006058012482452346,0.04864363019746971,0.02152306939714508,0.11156459190074997,0.5916004757730015,0.0003740626749668419,7.388287960088748e-05,136
0.8594966058015374,0.009302598268440834,0.0005875393890474794,0.11100121672415991,0.005701398277054042,0.006715748955895638,0.0070369041000094175,5.653879391777422e-05,0.00010144968993720688,137
0.10851582584008986,0.17276725360649986,0.001924189668619716,0.04690698804209511,0.016086006148626826,0.02046235190813302,0.6295109335967669,0.0026108700896733525,0.0012155810994952496,138
0.12438858346233593,0.007219469107900214,0.0019182559389638771,0.8406358482167833,0.0036491037018210487,0.0022379674021228463,0.019767533212974576,0.00011978565396072642,6.345330313767467e-05,139
0.0725359725232452,0.0573777986072473,0.0040676334313591534,0.1441683140204133,0.007808005035256664,0.0036314253692051567,0.7100367359252249,0.00031271129250773344,6.140379554049956e-05,140
0.12662175030324127,0.015359703910698306,0.0036887803943228274,0.11209303207558924,0.014951301313935704,0.03895230861657005,0.6880880179978124,0.0001034302802083845,0.0001416751076220834,141
0.027730679502861653,0.6971089464670505,0.001274912465487011,0.022687909418841443,0.008442390279183866,0.015920919485109382,0.22647368962509215,6.696168933385883e-05,0.00029359106704021843,142
0.13580575972354902,0.06618192756686304,0.006951930412604136,0.3875057251725494,0.012337194258014413,0.02937445676304677,0.35887947860360037,0.0014000150209816503,0.0015635124787911322,143
0.3330557384366337,0.03856900331321703,0.001791836496160102,0.18729922874004873,0.0103131526816795,0.012154668804649922,0.4165349861879416,0.00017632341502713415,0.0001050619246421905,144
0.039231673161915455,0.022550358777476145,0.002998051165377788,0.04442734419550201,0.006542090739145,0.00926136757693598,0.8745416122361127,0.0002632604301422551,0.0001842417173922545,145
0.46438441534366076,0.04901911230098374,0.0025702167401289605,0.12578410193815812,0.09210244553520723,0.2081549037348447,0.05765077235478769,0.00020553792694216378,0.00012849412528675313,146
0.38147863467496124,0.0432357307570783,0.008085323962654904,0.33604693239761296,0.06247707393515586,0.12825183200043633,0.03988063463776559,8.205564890386207e-05,0.00046178198543112274,147
0.3537736848971534,0.18453768034468465,0.0050240746079578645,0.26795437738926176,0.026475204816137774,0.02509897509539199,0.13371930924481068,0.0026182935134792,0.0007984000911225718,148
0.011557094878447211,0.7081020843195583,0.0032005357850837853,0.019266770452727625,0.021749519982915157,0.01621570127735251,0.2193811756406823,0.0002362161773915381,0.00029090148584147814,149
0.05522241363015167,0.0707990033781296,0.005197106062559717,0.10215910246491139,0.008988331887469342,0.04233828730552126,0.71445532590315,0.0005723944313022395,0.0002680349368048909,150
0.019237166849049407,0.46592013168886554,0.006012299408562646,0.10726943473157259,0.06785966188184392,0.04450128697402769,0.2830103192426148,0.0049449182567194655,0.0012447809667440542,151
0.047553319846239145,0.48260081132661375,0.014061975365237595,0.03347177461682569,0.013800207469634786,0.01712204436643502,0.3912618816206467,7.860061921797426e-05,4.9384769149186806e-05,152
0.24373469977722026,0.09769851927685448,0.0017395837116975098,0.2670173981037098,0.007593970150306233,0.017643438647724743,0.35375584253278863,0.0008241635371155153,0.00999238426258253,153
0.19100866628122323,0.028107939301431958,0.003868235189521099,0.5941911435738279,0.011880836566000511,0.006797173853914249,0.16367818155988642,0.00030135778902213293,0.00016646588517225795,154
0.24580805154919724,0.027471997064860868,0.003805511034646855,0.06595084745504723,0.09864678056346576,0.4814114922028981,0.07623720663034082,0.0003552379750418652,0.0003128755245012079,155
0.20458295270563562,0.13209227061063977,0.006703301542478185,0.13154398920304294,0.024249792163264467,0.01411414839348782,0.4847133512287001,0.0015820832678751656,0.0004181108848758568,156
0.014058812605693135,0.10435265671912845,0.005861526596788851,0.013045788284385636,0.01633197671234505,0.002159288976562134,0.8441263234565168,4.524108236163894e-05,1.8385566218159694e-05,157
0.3293029182759077,0.34236988304637805,0.0027704255943323255,0.09675424336134461,0.021133477529859526,0.04673678438169101,0.15985026019702328,0.00032076409187519194,0.0007612435215884822,158
0.5579019755905578,0.009283901394560642,0.0024375053971131383,0.16848096469799273,0.10457680647981488,0.13512812704673943,0.021873716321936472,0.00020054103615179213,0.0001164620351330849,159
0.009712984931150664,0.8467559677877988,0.0018784198242615666,0.01064494149558651,0.002832074515112717,0.012700251783069617,0.11529491751108253,0.0001497961379637583,3.064601397400823e-05,160
0.22869669985633018,0.13889430655189658,0.0037513916586073993,0.19736964158791717,0.02915690903418426,0.15645486632246727,0.24235510239321334,0.0012682052169096462,0.002052877378473908,161
0.09882724748781867,0.06400122479992595,0.004214920496491829,0.0406586988585003,0.01266087468058537,0.026343707380277494,0.7515873711806212,0.0008016350817507508,0.0009043200340285907,162
0.4673095975711218,0.0527253121152632,0.002841138233760181,0.1259549273401464,0.0204298329237437,0.0627742973563471,0.2671557193453755,0.00039661257013160205,0.0004125625441102462,163
0.5474507310646862,0.13725944280569205,0.0005371434623308772,0.06692908172268594,0.02029492464805583,0.0064830205449273245,0.21963214702093645,0.0007651112074544326,0.0006483975232307413,164
0.028278090013601744,0.015205428099861548,0.004039536706932588,0.0914790694419067,0.007013200025838342,0.01085174218673042,0.8421322088008235,0.0009096557340866184,9.106899021835809e-05,165
0.3321208140780023,0.01866352007599541,0.004687216957361747,0.13774602649631257,0.29494646355238574,0.13978945736314333,0.07096833868299778,0.0007150397226418565,0.0003631230711590947,166
0.021159972538363558,0.19213071271884352,0.007553319259555137,0.024827903810048808,0.30708311520184556,0.07513831943811398,0.37131571241596556,0.00040492113541963154,0.00038602348184428825,167
0.7031232822647031,0.03012867259557192,0.010434668359261394,0.2000982100771642,0.007134198865286573,0.01675438885446602,0.03158248667488842,0.0005315856059588077,0.00021250670269934872,168
0.031087583332191603,0.1934910721627714,0.006526446207860818,0.36625978614823135,0.0696319766616018,0.014542276360547236,0.31791309243868576,0.00017455726879836772,0.0003732094193117535,169
0.27371520278984846,0.14830633956039843,0.024171540597882585,0.23193286307340827,0.07522145224984536,0.04128948267650347,0.20410485909092904,0.0006711304161649682,0.0005871295450195105,170
0.014324761467779475,0.1634760029676278,0.004464653675981864,0.028008517773871536,0.02354425358360934,0.005912354657069665,0.7599007210638448,0.0002792480695811254,8.948674063423698e-05,171
0.0503573297142492,0.13955526857235528,0.004193536935984363,0.08743981869478959,0.09024985200107674,0.025957002941497276,0.5982959616402809,0.003542746991409386,0.0004084825083572128,172
0.5006728906703881,0.09631791038717247,0.0030334058625013645,0.06788330722506467,0.07273837211757701,0.16546927182692792,0.08638709728303023,0.005050182310614851,0.002447562316723651,173
0.1887636409768832,0.24172876336593382,0.0022415522181133797,0.3998532806616814,0.021180213266225236,0.009624374118215456,0.13343911298042824,0.0019440204100442547,0.001225042002474844,174
0.08391143885489682,0.09497802537563114,0.018172820231105714,0.04959754145746483,0.01889646476347869,0.03806746412895686,0.692111493472262,0.0016849675337948827,0.0025797841824087993,175
0.0644777937711527,0.26182166797190076,0.009732716284008031,0.3024293658572339,0.02723516904509777,0.007782240490496009,0.3263159445883214,0.00013450821528236196,7.059377650712251e-05,176
0.212519297008751,0.013058043071267738,0.0014373639100527926,0.6985405526998367,0.004739870755966072,0.00616539095868981,0.06211291410096975,0.0011584700103142319,0.0002680974841518734,177
0.07060243827934591,0.0228580912053764,0.0012019854896107595,0.14657676543923556,0.024241130853441296,0.016154295536183715,0.7181405562506038,8.475700437196977e-05,0.00013997994183084415,178
0.22987240023071148,0.07063648039103196,0.0025681426606161653,0.5522768878942286,0.037432226366207993,0.015281926227535717,0.09124434988264155,0.0004941540259765461,0.00019343232104997453,179
0.022435105953824048,0.1379392374428628,0.003262751503959476,0.01839929206659167,0.03300441861862644,0.03219415641621539,0.7523475713557156,0.000146450446058835,0.00027101619614562,180
0.39928083760856364,0.03865719120343422,0.001957320242556939,0.2728648800255016,0.022414203672158864,0.026831910328713494,0.2364039475551716,0.0005212792628846334,0.0010684301010149234,181
0.08506955940653171,0.2743597416359217,0.0018439153167948473,0.08213078425224749,0.019348039595768973,0.026745703941502524,0.5103226497986865,0.00011286403663689717,6.674201590941322e-05,182
0.07528922990963773,0.3517518198541359,0.010570811942164289,0.2944926743114564,0.05610174748462576,0.138810485800224,0.07152844366104266,0.0005980129089989523,0.0008567741277144568,183
0.6374785217874827,0.015678841067575607,0.002797667418726544,0.2510545329795108,0.015511364771213077,0.052277220236487044,0.024328924482042408,0.00022935761412186756,0.0006435696428401769,184
0.06897819320242843,0.5561618687115063,0.002911031557885711,0.027519378496804584,0.005640718788605521,0.03282724974800529,0.30560179769524615,0.00022691009839188663,0.000132851701126416,185
0.4831487110193339,0.07023076567370497,0.0056658272288587375,0.14861396333731608,0.008950792674052868,0.20391821588706416,0.07794912825998435,0.0011921988191639745,0.0003303971005209564,186
0.14943556236552255,0.05553393872615156,0.0035856616140728967,0.14608720447485515,0.007859387695361578,0.023813048441096694,0.6132248250166131,0.00035957937382557846,0.00010079229250096466,187
0.08927951635498299,0.29336530373743824,0.0033623960759724494,0.1347518848350868,0.12455666195552823,0.0814079788677654,0.27245402798944585,0.0005430729753611274,0.0002791572084188386,188
0.02616015963198647,0.06141175288710847,0.0011352044752579308,0.11498307626034188,0.006732200553857428,0.010622824289301636,0.7777636018142801,0.00026290709950074656,0.0009282729883652218,189
0.3627494702950758,0.017594503012189896,0.003519104891570753,0.2573641856598149,0.1814875981831747,0.03264552145857612,0.14106182359199015,0.0024387285033773483,0.001139064404230327,190
0.021601280905681336,0.19774685167065034,0.0033430840899836968,0.02168198143586949,0.006688032630364892,0.013672487817241317,0.7351145807096697,0.0001062577570790611,4.5442983460090955e-05,191
0.34910799093018174,0.01999841600456048,0.003279814392674804,0.5450580441296243,0.024639202861441736,0.00930871369601928,0.04828551218165869,3.291027900784779e-05,0.0002893955248310436,192
0.044113913424082205,0.10689371252729317,0.0008800963497992931,0.027674148994262023,0.013883860731919459,0.01701430646040522,0.7893285369603485,4.778073462541464e-05,0.00016364381726464107,193
0.19054652936243263,0.09600883331224501,0.006325174804554564,0.22279318917490343,0.017588325112292393,0.013661216148439886,0.4450958208721459,0.00045143465941153884,0.007529476553574659,194
0.7047438826390849,0.01893339710920436,0.0011256987734589406,0.1789839556374772,0.0021783795809219297,0.049112608291250845,0.044571913391809125,2.9000913981574262e-05,0.0003211636628109997,195
0.3398323504528104,0.0564215397642707,0.00836813217807735,0.32184951812135737,0.10718511202701175,0.07219742100173797,0.091649473059611,0.0018633167275221472,0.00063313666760135,196
0.20676638336362932,0.27040631972450985,0.007600243600724102,0.08760027495811028,0.0288203648172141,0.06919111180795548,0.2577738989645942,0.0007732747891484277,0.0710681279741142,197
0.36834035436577073,0.19204344625898592,0.0093024772487461,0.21942743225134306,0.074093242332426,0.04425473227017521,0.0919246355133963,0.00028496522197383724,0.00032871453718278987,198
0.13522058891315883,0.0952375226438014,0.0045835093368838805,0.5446923707809053,0.011851439782345175,0.013434767699041818,0.19448765021381548,0.00014848109614186745,0.0003436695339063732,199
0.3387295553186202,0.033292209196433345,0.006321221424491164,0.4689429413732217,0.02811209401825506,0.031057052574110514,0.0930995847759738,0.0001711556487716753,0.00027418567012279263,200
0.0679658974015877,0.2274458014931935,0.00207942937577622,0.17246839741588685,0.023761815039304194,0.0031494843735315804,0.5029725989422681,6.848658502312935e-05,8.808937342897217e-05,201
0.06076152024814758,0.2544325523109264,0.0020117444858284983,0.030408492559338175,0.03877166828765492,0.004345143044026708,0.6090598303141439,0.00013029645280760558,7.875229712590688e-05,202
0.5461976572333685,0.006105574066766263,0.0004425997614151303,0.418503225961718,0.003723968484280026,0.0011583906726089904,0.02382401013945739,1.0013311033176822e-05,3.4560369352287675e-05,203
0.011297511724143132,0.7869945241916619,0.029977653872626193,0.08263615702260561,0.012276061444185218,0.028819932033544667,0.045463902847266646,0.0020461208946960874,0.0004881359692707822,204
0.10248264382032274,0.38777306572466713,0.0033200711720779734,0.11630767750781691,0.014717303654513991,0.10664372361377447,0.26828827579583214,0.0002159861410675415,0.0002512525699273986,205
0.10472473712682144,0.23081453664244153,0.01918583024529629,0.10251201116653404,0.06215224898685556,0.022092591326937108,0.4526170055529211,0.0031655444577660466,0.0027354944944270594,206
0.48705475112023394,0.03094456334452604,0.0015484872035463227,0.3175544511305616,0.037983086692018914,0.05302258598874775,0.07139711501598968,0.0003433377025327684,0.0001516218018431471,207
0.1433968563230129,0.063014409671815,0.004772190223828346,0.18499069271258944,0.05173922359256742,0.007898258453729661,0.518746843986394,0.006009443609813623,0.01943208142624945,208
0.4327532492571912,0.02523087434509728,0.0039363895136975205,0.42847231085664955,0.020737899425164488,0.03064300613190203,0.05660734850066552,0.001011807801843296,0.0006071141677890407,209
0.07589062672483447,0.02142555103583685,0.002070151111501054,0.03605130370136781,0.014037883534041909,0.014845323894069928,0.8347290294723595,0.0007595162563880914,0.0001906142696003426,210
