class1,class2,class3,class4,class5,class6,class7,class8,class9,id
0.038956890938099786,0.18751671790277635,0.00038257627036830145,0.03629908335445135,0.0057403280396353664,0.005639081942165715,0.7252324599164863,0.0001788429711254019,5.40186648913478e-05,0
0.23075277611759393,0.08944330509283578,0.0037171416910132416,0.5675737240262353,0.014759108026605856,0.012207837187240778,0.07999607087328611,0.0010797947958620694,0.0004702421893271296,1
0.03745518405233673,0.1933905667307202,0.0133115433470993,0.07351547129610789,0.06431864319799788,0.09725082115302991,0.5177687375673464,0.0026289709509664965,0.00036006170439518,2
0.040748813727112795,0.3326985008540458,0.0006561123305005379,0.015519459598961182,0.01098519732014512,0.006850110609314266,0.5909809473010837,0.00048354927561918107,0.0010773089832171367,3
0.211825414856736,0.08373146353394903,0.0007986977010649532,0.6005330683406988,0.011513314587187884,0.01152920020174414,0.07640478371500423,0.0028183639900287312,0.000845693073586157,4
0.28840526660928467,0.06290704959982381,0.000520232961823456,0.6076725705207972,0.003314038893000376,0.025745171771210915,0.007926609705176245,0.003261522213571679,0.00024753772531187337,5
0.07141475606752003,0.2939300752652896,0.014332121609370398,0.0845874088947315,0.021207738525248127,0.01641755690498471,0.4977707662772083,0.00012858628378307726,0.00021099017186429903,6
0.03897078389893089,0.09544772352644704,0.005825709110114528,0.6047561543179151,0.12543193890999696,0.030214728686008954,0.09680583524067121,0.0007460831422124888,0.0018010431677028583,7
0.40907987806081014,0.18853627952575663,0.005269481219987615,0.2794498140279626,0.006533647520981724,0.020801920948565932,0.08655458904115883,0.00020329979288313306,0.003571089861893478,8
0.0720612808230448,0.6906096965584332,0.00123784528923371,0.0248461038986181,0.007041018814487402,0.010340192824669065,0.18942579372662252,0.0004075330462870977,0.0040305350186038555,9
0.028331495677694267,0.18900999724366147,0.0019256754139578534,0.02083421354131182,0.025906215648051532,0.006063178434362626,0.727702306264156,0.00011228590494104296,0.00011463187186324005,10
0.1928528769656811,0.10087845622474675,0.0027863084809318346,0.05274419911202098,0.010115441251968884,0.010004879816714359,0.6302835222212354,0.00019394963399432238,0.00014036629270604338,11
0.27325820144898333,0.008665183661367681,0.0028129068924601913,0.0222093797573395,0.21582200234773982,0.4598833533783955,0.015008033637438686,0.00047053917912964776,0.0018703996971457888,12
0.059315367382793124,0.11084227241601534,0.0012246798475726913,0.12026123845594298,0.010295033672145574,0.028689967766935304,0.6687317311382076,0.00025921533087370087,0.00038049398951342127,13
0.2204957791382582,0.3807119715824587,0.0011395881578744067,0.08272061808343797,0.017692268968177525,0.008359988513488936,0.28820681677794857,0.00010253073124089846,0.0005704380471146624,14
0.05965326267221576,0.03185714300237079,0.027447304821628243,0.14019211207655463,0.01520217382887265,0.023320951520421625,0.6872749316922343,0.013267159115380501,0.0017849612703216503,15
0.17941350928334465,0.08692848314527706,0.009235602065751143,0.19692695202108337,0.0675323676699959,0.01575862088993808,0.44343318316529456,0.00035985924078438,0.0004114225185308212,16
0.013132251180382377,0.3512490008475047,0.0006955298105677707,0.026788765436198507,0.10361978523348664,0.07256188811857438,0.43139629531374124,0.0003499097511342404,0.00020657430841032024,17
0.07842544993128957,0.05830851202465013,0.002765099708589472,0.13169940303998726,0.031205518495046925,0.014968965465735713,0.6819121036981672,0.0002390414451343863,0.0004759061913992548,18
0.004588144384655072,0.023600341496749045,0.45656840246253966,0.0038184239527950595,0.0026075742266350225,0.00133597424245957,0.5074092377325861,4.941242028204502e-05,2.2489081298494207e-05,19
0.5000300291648299,0.07360185837977576,0.0017893622042901305,0.13921415147899985,0.01735305356283024,0.03232060089414187,0.23080301337452586,0.003757864075689211,0.0011300668649171983,20
0.06829130573019154,0.20337283346870288,0.0036507728472351506,0.08221293769341449,0.016513335009782117,0.013515550318370873,0.6106619944949288,0.0010857239102735922,0.0006955465271009184,21
0.3260516391222597,0.06421297990805494,0.012709750603798194,0.47633512348526214,0.014372974653047202,0.023723822099292163,0.08075025181155134,0.0009684950947599635,0.0008749632219743642,22
0.05066765526124575,0.19923435654288393,0.003949525911389499,0.03590503589060637,0.016018074720671616,0.031815750784943746,0.6594117542870491,0.00047687610745189834,0.0025209704937579677,23
0.018117527901137208,0.12868591846313024,0.0005447284199154227,0.02804185290636896,0.004883454175045826,0.010259033367254372,0.8093761075475412,4.806626690416196e-05,4.331095270269772e-05,24
0.21110759244034855,0.06094502648183308,0.012409487187489559,0.39453885215288964,0.019119904437497906,0.023707589840748246,0.27310387162747957,0.002935387104118627,0.0021322887275950875,25
0.310885282275979,0.021074713713070948,0.0020722584486910865,0.5631525639550515,0.011808355537446162,0.006422458363500246,0.08392470521235859,0.0005698812081714022,8.978128573120076e-05,26
0.02907688172865076,0.40393975478336924,0.004001090147914089,0.005866466469132241,0.010814226225952114,0.024814222222298905,0.5204735943648658,0.0007652815087563181,0.0002484825490604602,27
0.14698171081218162,0.2154367919681533,0.004341995826033095,0.08339248052458052,0.007346866492525982,0.024920235752853136,0.4808719088710661,0.010368144344395145,0.026339865408211104,28
0.03504471851269735,0.37090914775418815,0.0007354201690647032,0.045838376759220256,0.00950034247182829,0.01797676470058354,0.5101616077451196,0.0002395620790297792,0.009594059808268596,29
0.019363307725420997,0.1375539653293446,0.0008944838583124889,0.01736547163179315,0.00208824784374497,0.02825951407450989,0.793936420253073,0.0001502895587589869,0.00038829972504187386,30
0.0358066309389694,0.06056488508141872,0.010320321843297536,0.033890750469828465,0.0364115267266047,0.0078150549424033,0.7986517757046997,0.013632391644433148,0.002906662648344834,31
0.01646306286371391,0.13208988191480792,0.00048691041092903604,0.027446765507194906,0.003490925096406282,0.010020947871807408,0.809687924164375,0.0002705313866044658,4.3050784161204994e-05,32
0.4382625860736289,0.19594453949412735,0.004724460120112405,0.14664829738662422,0.005280226666995336,0.07271741071693713,0.13466849804230066,0.00019364434884352232,0.0015603371504305697,33
0.0663974833935708,0.07911439867567852,0.004231445112183542,0.08861864546431913,0.04753545059089542,0.023206268279223854,0.686050752000241,0.0047122108762322895,0.00013334560765544679,34
0.17261146954341977,0.06370272495455115,0.009506351021495149,0.6343400085744393,0.019156325215969335,0.040062370709767585,0.05386873179093915,0.004359247714049167,0.0023927704753691596,35
0.25544994252235287,0.07905956186753614,0.002260245433512882,0.27423678505272003,0.023710244910714072,0.014173363735426272,0.3469684824622428,0.0031937467998148913,0.0009476272156802152,36
0.2185790572867095,0.05869791419334669,0.002675847413025809,0.5890314593390543,0.011506440888365378,0.05907044879784465,0.0595869124414044,0.00024251281268491262,0.0006094068275642484,37
0.08994071232029135,0.34416201417797343,0.001719280034317196,0.04905043738885829,0.018918287759846306,0.049695422450005716,0.4439404991789823,0.0003071866535271085,0.0022661600361980803,38
0.6919538819402153,0.09419334216369389,0.010433384018789757,0.05303586531153871,0.014323560732637264,0.03424882691204311,0.09664580821648987,0.0022748016639530856,0.0028905290406389624,39
0.4223780731273651,0.1849567241297035,0.0020588859259034133,0.10323365317396813,0.010859337078172012,0.007094342214593845,0.26816886352740144,0.0008438838569977434,0.00040623696589502426,40
0.21871713392132627,0.07585900570161824,0.0022057005003196847,0.05125558060022957,0.023431237642069853,0.032561291626824654,0.5938388955496182,0.0004635652783387571,0.001667589179654387,41
0.8847264561992497,0.01805334678461347,0.00048377210749393367,0.07782727125717437,0.004301138357503293,0.003450433125195718,0.010425872323090701,0.0005154667679482989,0.00021624307773058504,42
0.10517711649556583,0.15647626043867485,0.0012333654498872188,0.4636994392525449,0.00828143945501076,0.01868716167168408,0.2447747223357143,0.00026271969368051176,0.0014077752072376077,43
0.03864414070079319,0.10088810727798918,0.017928864983265676,0.044213436046700465,0.06788445399886513,0.18582120885233339,0.54415411279271,0.0003321174037161446,0.00013355794362673783,44
0.03327637350491158,0.1286055626201559,0.004793180507992792,0.03882985566735226,0.09852769500102294,0.03680110961807956,0.6579699752044399,0.0010365871593781518,0.00015966071666702938,45
0.5944208223315566,0.023821637681072306,0.004867895438405709,0.08146208809358257,0.0362928925177505,0.008000569095466986,0.25031322986022214,0.00047255458464893455,0.00034831039729421446,46
0.1756259704617248,0.021002488803642857,0.0018722711569945855,0.7001507278316416,0.03763085111779059,0.018666325619573668,0.044698564847129474,0.00012140826926578851,0.00023139189223670784,47
0.24295344413796222,0.31122485988318693,0.007822378507043464,0.20712601643122047,0.017284364691426655,0.15152414042145204,0.05902606789187141,0.002789123645738957,0.0002496043900977944,48
0.12986395575128995,0.42584617057183183,0.005148765466082428,0.04688916994949294,0.07116675073969086,0.04279325079471406,0.27776516651754296,0.0004438706988251992,8.28995105297504e-05,49
0.2605841631066415,0.09290076019385594,0.0008974362536842771,0.4366137162045574,0.03189355893601343,0.007161186411012283,0.1555980308745737,0.0047381411003243,0.009613006919336926,50
0.1432071683452496,0.22781429445507642,0.003943011067576123,0.16581246731256294,0.01933454757555802,0.028464822100316145,0.40873185492742453,0.0007797089577796743,0.0019121252584566597,51
0.019521721172390705,0.24541749689085293,0.001124936228806824,0.015392238566781473,0.017815134859582207,0.020799705409694218,0.6780764022123175,0.0007653435912298621,0.0010870210683442735,52
0.07795067937509559,0.2202617231333695,0.005585339896522809,0.16896445165309842,0.016056978603646285,0.017080505918289104,0.49311420627552793,0.0005939871266156648,0.0003921280178348118,53
0.615564218553644,0.10157015890778942,0.0009659355485010832,0.06735152617588176,0.024443876118248064,0.03041874377343473,0.15865591315442107,0.00027278460411091384,0.0007568431639687033,54
0.030732514827342298,0.013587323239982728,0.0006140031959601354,0.9331097993460328,0.002350102326980043,0.0015047499700334005,0.018045357031209616,3.159349663304697e-05,2.4556565825888273e-05,55
0.39843780582263116,0.02453057658043199,0.001142101383485605,0.29255386330312233,0.032623661249631,0.020369354452027408,0.22785687887389097,0.001995631369563666,0.0004901269652157592,56
0.021350116209772466,0.20031045734440514,0.001561134860183145,0.06080632267931366,0.06275999779585309,0.0333017301099574,0.618012785848091,0.0006325546840575771,0.0012649004683664398,57
0.45542348044574793,0.12272257109027311,0.0008576186500126298,0.23392434345321267,0.05773015431724611,0.02452648516095744,0.10108795727135045,0.002509943405213715,0.0012174462059860156,58
0.5388818802910432,0.19273276927850735,0.0009460066604265441,0.05177512755751888,0.003949133743087694,0.004422669927096716,0.20635343224625746,0.00012474271622733965,0.0008142375798347915,59
0.13088759427098534,0.1751181956731528,0.0032591203007204675,0.09903364424883347,0.016650824742343622,0.01637929117880861,0.5557864824847719,0.0006291288545045444,0.0022557182458793996,60
0.3238951228519422,0.028560376109109317,0.0034227135272507365,0.41549066835589965,0.17349375943870074,0.02843695776213815,0.026269204389664257,0.0001151790906397769,0.0003160184746551051,61
0.2117118560099488,0.1862042774820596,0.0022244903128409233,0.4795650625247897,0.014594024950387646,0.037825405560162,0.05852975035620311,0.008441614637083154,0.0009035181665249821,62
0.18839944021668148,0.0809715608753451,0.005361805076751537,0.1043874349079566,0.04477447830615855,0.015590926318604644,0.5599678941201802,0.00023676713213017253,0.00030969304619179924,63
0.057384070148534416,0.030608108942623447,0.0017369419371174317,0.43114382934970163,0.01545880248348572,0.004731664779200594,0.3653571221401105,0.0014883448859590524,0.09209111533326773,64
0.09578793179214615,0.18513465438069224,0.006223276581994428,0.13736728278113655,0.055811182494032746,0.036334623311771785,0.48198201709752053,0.0006280626145027693,0.0007309689462028264,65
0.19703874354161074,0.3293285670376301,0.0011188900361127896,0.13874318004304692,0.009884411853897254,0.0817846111157206,0.2395971989553099,0.0012319562158282953,0.0012724412008433981,66
0.10920620792988726,0.6937028793554925,0.0008793172924572949,0.04585041901916298,0.006848986903889936,0.055631121721654804,0.08586384139042705,0.0013759319543875828,0.0006412944326407574,67
0.02104416745453399,0.20414699133487385,0.0017038921506811076,0.00945134609663525,0.023059587584523,0.02881132009458938,0.7103755808282607,0.000626825630197632,0.0007802888257049879,68
0.3145211535072838,0.04709508211806066,0.00429858421295452,0.4263855202928119,0.014941225790163768,0.02418336610341187,0.1360788804660514,0.007500233642131712,0.024995953867130393,69
0.008397078071184219,0.005588673894270172,0.00038262093361383123,0.967514202491396,0.005602609669774345,0.0018235128537457401,0.010556461791700906,9.076508630941224e-05,4.4075208005548957e-05,70
0.0827173424259959,0.08283279899968532,0.0022449311365944405,0.05710139659020286,0.015794241205973763,0.0028062896964717037,0.7563020328662916,6.315788018524517e-05,0.0001378091985990023,71
0.13100186863556712,0.03720017077527005,0.009138691953342385,0.6662557315677019,0.03322561372413934,0.028214010043072148,0.09388535686694509,0.00028703695993212295,0.0007915194740299627,72
0.2981978019132995,0.17635980409400168,0.004826655905460207,0.2367392209693493,0.017793465094609513,0.0938511473967801,0.16700554369965642,0.003585825949768366,0.0016405349770749074,73
0.3596829264686422,0.0348691434854733,0.003153853220991908,0.33573444761885773,0.01248843731333899,0.02740282927516044,0.22615130807487263,0.00016014569275151085,0.0003569088499113296,74
0.13746463255827904,0.3267026886472956,0.005121959836761997,0.18492003821942396,0.0237202001343619,0.0147218055350126,0.30700934002303626,0.00016133984342936715,0.00017799520239890609,75
0.6273315910538965,0.019362888668066347,0.002626437977151176,0.2938563912409019,0.029425791335957845,0.010791705643212891,0.01637303537285368,0.00017420726158691398,5.795144637299854e-05,76
0.050493680601699294,0.2899358644848943,0.004444371163867099,0.24434893411870534,0.008621868186516907,0.028301620766823875,0.3734961890411747,0.0001773872549823032,0.00018008438133631922,77
0.10893732885193448,0.34510602664452306,0.0036948361249241144,0.13839140011145784,0.027610752581695278,0.039887488107335424,0.33570335236813065,0.00023005257801534277,0.0004387626319836483,78
0.02312470927591404,0.09716412411425243,0.006480550083587325,0.022746935456111318,0.043529086178574435,0.013411108623047837,0.7932290198399672,0.00021855318504496976,9.591324350061571e-05,79
0.30324825642651615,0.07548274937762478,0.0023210329781054966,0.024584286711838325,0.039260771781986746,0.44549897867206784,0.10784478532824598,0.0004620902789571966,0.0012970484446574377,80
0.11552744670908853,0.10335284182118722,0.005218828431150518,0.2567033936073415,0.010421847263983142,0.03639000828127122,0.4704047137772181,0.0016240155342519675,0.0003569045745078913,81
0.10203601985944129,0.046992107438180074,0.008178527625950418,0.6025789609501909,0.038052161150045866,0.11805535610865167,0.08322857289280287,0.00018249507732805666,0.0006957988974088357,82
0.7319641049620714,0.0715889955960722,0.0008652509753553483,0.05475206215602298,0.013762600848432869,0.002025592095445142,0.12164181046086053,0.000732035649309188,0.002667547256430234,83
0.05951959187824734,0.03439909358716798,0.0013103007641840332,0.030114451771208084,0.019881717368298253,0.013297688549259785,0.8405063164101659,0.00031088140751212213,0.0006599582639561891,84
0.036420658959010144,0.27959599778410726,0.0030735561243105396,0.07278806902159801,0.018086557711362417,0.10201475692603654,0.4871721044223138,0.0006389365542024917,0.0002093624970586807,85
0.5037341460398179,0.0815926855226777,0.0028555564714737433,0.0877099910991777,0.017689676781152245,0.10862924488417437,0.1931305732649772,0.0029190404599149897,0.0017390854766341517,86
0.17035996124692532,0.10219709993834994,0.002788524871153576,0.09910654973517687,0.036267894386585925,0.0604153222544052,0.5282280270845108,0.0001472687111721324,0.0004893517717202895,87
0.050890607480471854,0.07000597459951843,0.0014248278211298482,0.013690462932587646,0.00422415933621227,0.005723672013677451,0.853810223104723,0.00011747083112148065,0.00011260188055825407,88
0.05476244273956674,0.06612062345058145,0.0027085138370121437,0.13875778114552853,0.0385425740441883,0.046894808774056995,0.5442035726769217,0.0009479275501412674,0.10706175578200292,89
0.22676655755877687,0.2863971688869128,0.0006367161993335377,0.16326758141160533,0.01289264961604724,0.008768111008615197,0.2986969296281513,0.0012210971564886937,0.001353188534068931,90
0.27711440534712717,0.068179729455363,0.005562809608533352,0.2174231374771507,0.01024767012129863,0.029832331229807545,0.39022076053455035,0.0009472522766216498,0.00047190394954725037,91
0.042181582776736885,0.037582975698649636,0.010752194747785333,0.04464373202126904,0.008212204069914662,0.004140713481977789,0.8523804230124615,2.865446719524686e-05,7.751972401011082e-05,92
0.00535327985252374,0.3088743589916562,0.0006913268339892805,0.003950359969440946,0.002016340264471467,0.0034632271615619207,0.6756060260046391,2.655050007063419e-05,1.8530421646826904e-05,93
0.11945938448511596,0.0725511437118563,0.010879133540735436,0.3492130741884182,0.07762506778453371,0.010033471536163038,0.35637550278911956,0.00318857994991219,0.0006746420141454213,94
0.4753003871158057,0.03834062801346379,0.0062785524481392425,0.17731076970501577,0.09818199659411544,0.14765339830689547,0.056760255316189084,0.00011624575164011428,5.776674873550589e-05,95
0.09993418719497875,0.10613775388566765,0.004633419326634914,0.08738911606710252,0.00829881732942159,0.017483542322901984,0.6710744147961767,0.000498886944792832,0.004549862132322952,96
0.37667327956587754,0.14219151413822292,0.003968793444362658,0.09816124540210752,0.011399989110386454,0.07003476112642441,0.2962271238614852,0.0003397340280091261,0.0010035593231242925,97
0.4110492822673299,0.027991017520602048,0.004505483911450785,0.246193492890315,0.21358463454529972,0.04178495313683995,0.05412531055356559,0.0005772586686096806,0.0001885665059872216,98
0.288237904771384,0.08105803114339427,0.0016204009766399928,0.30196196616135657,0.03382253994128786,0.01679520526405936,0.2753507267264216,0.00030425454750061104,0.0008489704679556032,99
0.6174251647141337,0.029024531698273844,0.001703087807175946,0.12184617183131496,0.08281040476743513,0.08596963201685298,0.059421550881155895,0.0002216211398306156,0.0015778351438270979,100
0.292396790374026,0.09530697178324395,0.007613668037289512,0.24765107922518528,0.023917686845368873,0.04398202028208531,0.2840726640762247,0.000356433478629554,0.004702685897946868,101
0.014429457951089106,0.12562585205429402,0.0011665450243898067,0.05366541022236333,0.03941621222214737,0.03393477760741423,0.7316180566187502,6.070189368614322e-05,8.298640586573392e-05,102
0.04661160647786391,0.10035245999432342,0.0018284920302763467,0.06402552538278058,0.018452766904593347,0.04829414907744407,0.7195796098381824,0.00017356804925119492,0.0006818222452845887,103
0.291863032174981,0.17862469991701638,0.0023867565874311344,0.06758097152032828,0.020058950707558237,0.015390573293164362,0.4232672794544313,0.00015832798571526185,0.0006694083593741672,104
0.16251637424210386,0.5080574026573633,0.0036416301015959186,0.12016939427221586,0.014787587119135064,0.024521963557981766,0.16538853829724862,0.00016591933691702395,0.0007511904154386167,105
0.07035016710490305,0.10700316287663823,0.0014096194943355568,0.1034600838008436,0.01098161447724122,0.02829073139795769,0.6780295627424419,0.00032961005397097877,0.00014544805166779847,106
0.6866020199039886,0.018704580590344366,0.0041003456663238165,0.11697497702898964,0.0966749983800097,0.031023685080023816,0.045127342560764096,7.470830648771417e-05,0.0007173424830682152,107
0.06710645635385624,0.22425142478351773,0.004997276262784211,0.05705044063701432,0.09858589154097169,0.023104645542595153,0.5239611943532281,0.0007167204942304485,0.00022595003180204693,108
0.3706253835271091,0.14586373681716142,0.0025404796060974704,0.10153419109639375,0.023555082307064625,0.021256777582992666,0.3327445237533756,0.0008841978853426667,0.0009956274244624465,109
0.0348186378799107,0.031190430210242464,0.0044169535290112475,0.031041792400666693,0.019339871346035258,0.0047836778043803254,0.8733506866049372,0.0004925641636188014,0.0005653860611973724,110
0.014033769126137125,0.33190486600552505,0.031182592605645276,0.024965330524298425,0.113432036885737,0.012572785938282515,0.47019732445856915,0.0010070867236996815,0.0007042077321053743,111
0.33191989775591957,0.1614738315169045,0.003198349076316994,0.09803651002241894,0.08142326057749744,0.036264979732878,0.28675799860137685,0.0007380610740115271,0.00018711164267613156,112
0.0048595316375704455,0.0667507114940569,0.0008996723441267138,0.01749340913389032,0.007977005060505462,0.0013211975192030064,0.9005294801880744,8.284326904783048e-05,8.61493535251276e-05,113
0.36032285624360855,0.03490059936134504,0.0008942136059464255,0.5545937921068049,0.00876678302000116,0.016599038988609812,0.02366259209776647,0.00013072071691931617,0.00012940385899826558,114
0.5451352482409761,0.042111428546474164,0.01412915064089804,0.20826379645947335,0.03219079532477605,0.06938091567671703,0.08663569549146649,0.0007947902858976175,0.0013581793333210445,115
0.5966344099664403,0.13678561237107015,0.0013478851513732235,0.18793888359865552,0.008883805641464593,0.017563881047252646,0.040735890774724545,0.005948483804242567,0.004161147644776432,116
0.25016969969943703,0.12329704760280524,0.007945287368178386,0.3993788794098319,0.03631431932502229,0.06520537200230658,0.11392417807971662,0.000622764701588408,0.003142451811113704,117
0.6093956980599052,0.010968679735657115,0.0014119245877072621,0.27187180525063653,0.08438695706023522,0.008908605667316495,0.01284490001731302,0.00012307306889007964,8.83565523388956e-05,118
0.00791441534115841,0.8347409007462745,0.0010707792505731135,0.006125178721057462,0.002305741234827976,0.0031361537379797377,0.1446393651894083,1.582973825896761e-05,5.1636040461830845e-05,119
0.3219065978280477,0.1867681935323293,0.013042252676274398,0.1770027040387958,0.01600362453170082,0.11434523738413471,0.16674606572377046,0.0037407822875584872,0.0004445419973882699,120
0.4538731591695059,0.006509119211598438,0.0012703869459114194,0.02610538185644091,0.48171535181736863,0.02443312108355416,0.0060218266884813475,4.7781681811801105e-05,2.3871545327425854e-05,121
0.42104779263082065,0.03647098929420692,0.0011577865806127602,0.3239484660414811,0.04368345749600262,0.052006223586029424,0.12115221635561296,0.00028885558305606347,0.00024421243217766627,122
0.018683260459429103,0.1753876047907804,0.001383557513985267,0.008074094422955388,0.0034728422609840714,0.0034479825411775538,0.789457362457472,6.052191948104884e-05,3.277363373509221e-05,123
0.6961112040031249,0.1499549449600131,0.002523962080469395,0.08635386675100959,0.00956200658463955,0.01026400648639035,0.04339411370929708,0.0015399231558562542,0.0002959722691995826,124
0.5199034830511191,0.05822285042014471,0.004920741696929495,0.18994687978155045,0.024463319874510267,0.1408879769048696,0.05812580750136247,0.0015535413003987886,0.00197539946911519,125
0.1030426525785322,0.13817934400900178,0.001438900710771224,0.5528496763307873,0.03530325288673492,0.012532505263941179,0.15628925912301336,0.00021582798473416818,0.00014858111248383974,126
0.18655247860891877,0.21613852072463288,0.004302871041508533,0.2483037883583843,0.017451203599321192,0.0718681301914792,0.2521413065915403,0.0024514447285780036,0.0007902561556369446,127
0.20423822274278575,0.10058572539445337,0.006482646765067611,0.12415727398618293,0.016944199788956175,0.03357873984150893,0.5123942303813944,0.00032210418304712767,0.0012968569166036603,128
0.5997070188906937,0.018801613542267812,0.0008668176977671273,0.34282751361715275,0.009507043009070359,0.005651244092140836,0.02243039853025001,0.0001362304315475357,7.212018911015681e-05,129
0.04610246370599193,0.27903186297456983,0.009746276414358154,0.06006869181859234,0.014599230451515788,0.05838147904530123,0.5318132013607114,0.0001228739426095251,0.00013392028635003233,130
0.10281388730240736,0.11813509204925825,0.0033588673077270975,0.04712966158793152,0.013055175153101697,0.06947639982304364,0.6455009687219601,0.00010405694533408865,0.0004258911092364889,131
0.25693617790674506,0.16224944693575194,0.00077652340307901,0.0728826802102924,0.027150456308356635,0.05502965123554127,0.4242925735978766,0.00045588852118161213,0.00022660188117519303,132
0.572209136415069,0.04296827667566512,0.0005667357157043213,0.31948603844379947,0.006476922382725425,0.014497093536778582,0.04003349514462167,0.0033072386916483064,0.0004550629939880551,133
0.38051457474096084,0.06231574888891686,0.0016317538730458525,0.3442100714171765,0.01557734596197774,0.029942298239206928,0.16069866457493556,0.0012074593467613817,0.003902082957018231,134
0.5697945980299459,0.06054044880327684,0.0031043970939062357,0.1314788575337234,0.04411001021341082,0.0446311799546346,0.13668307037305852,0.0029058575328664692,0.006751580465177127,135
0.01335178352775546,0.01750493496629948,0.0011616465278323138,0.010028306569848714,0.00752988502002696,0.011868872645622783,0.9382374443230814,0.00019120212192721734,0.00012592429760564976,136
0.8769493968078453,0.019364882105823638,0.001185529012560567,0.07613692641148007,0.0037270610532327345,0.0110611291359619,0.011299840991242637,0.00014492145440269877,0.00013031302745041993,137
0.20658657428254973,0.060316760291871684,0.0005485170019895625,0.08332343459220704,0.01883807059391262,0.020077169658536044,0.6099304940350074,0.00012006610620323198,0.0002589134377227331,138
0.20885742964451795,0.020639996085093777,0.0034845713404523847,0.725708592618758,0.008480373717139604,0.01828377781882495,0.014305371429785836,6.427206775774029e-05,0.0001756152776699211,139
0.027137816284510535,0.06965765262469774,0.0015114994129525436,0.03100109102347975,0.021106669019681903,0.00358442425040555,0.8457805719357991,0.0001875797784770023,3.2695669995877095e-05,140
0.33404272763133597,0.06831619576878006,0.018201359196850155,0.21628120715309346,0.03265452268328579,0.02872183628842842,0.3001542672061065,0.0005735190118295115,0.0010543650602901342,141
0.2172474829566794,0.3865065087572657,0.0014977395369419337,0.061384966759110135,0.01045377971475091,0.031155241724088574,0.291415430759197,0.00013195298781065813,0.00020689680415552484,142
0.36587998009110395,0.05653332223856515,0.001144486372145876,0.35487691228213647,0.012583699115578297,0.007471826313921148,0.201088330340884,0.00027422326031756403,0.00014721998534792045,143
0.6658672613271704,0.019773055183906693,0.004924801461054733,0.1891042549073948,0.0111598586387568,0.016475627226485393,0.09006184759930548,0.0005561373459053964,0.00207715631002024,144
0.10706826975567495,0.07565856877899647,0.0023016148793939444,0.11756306075188576,0.023758876151866844,0.04318706018731925,0.6294629802963067,0.000785620491692585,0.0002139487068636417,145
0.3081758478341575,0.10802734049645799,0.005806125751343136,0.13204730999065767,0.08859481745054133,0.28602889385890734,0.07057841497076618,0.0005661454157090268,0.0001751042314596712,146
0.2824139348899661,0.11942735929936511,0.011272571166005555,0.1813267767786125,0.22899116612661355,0.07113654677631112,0.10207825104690559,0.0003368870220103501,0.003016506894210202,147
0.21395958807137958,0.051581577794763966,0.002870136890062997,0.258592877485716,0.024494465084871894,0.1412447689799232,0.3064773586568825,0.0005320573641100821,0.00024716967228968523,148
0.05504963931576657,0.5237567507794282,0.004083807356637616,0.015739666717123443,0.010655274469689158,0.029818299472072454,0.3606969327011936,0.00012674898699777798,7.288020109097366e-05,149
0.03440711486125186,0.06652310502077875,0.0027365668669829682,0.04435123256792329,0.009269304429200197,0.036703997453475246,0.805043328128333,0.00044275736504156984,0.0005225933070133018,150
0.026212707692968344,0.21568456427700483,0.004552407627936062,0.06571030784063016,0.044675375676224045,0.033193297538266255,0.6083156365675034,0.0009079234071824529,0.000747779372284439,151
0.07782431799290153,0.4969296463520434,0.005294730782477137,0.07391676060192373,0.05305127861610594,0.015231802819375303,0.2768364263872987,0.0004315048427156323,0.00048353160515859326,152
0.5227940121508715,0.0313530542358113,0.0005282735358946334,0.2748431700898083,0.015885234004907815,0.030344227483216923,0.12027236612891888,0.0009915985727927399,0.0029880637977778655,153
0.5997053590459571,0.07590078383280369,0.0011686520706562678,0.07578622616797935,0.01542543726701133,0.013063196308049314,0.21309707228817573,0.0009506783199341236,0.004902594699433029,154
0.42854166050561987,0.01957451386545419,0.008853777925400588,0.1377902757032172,0.10876958496033153,0.24772394674373605,0.04845390956126447,0.00016631157547213665,0.00012601915950406284,155
0.17763792946499288,0.045010128841520475,0.008887315783785904,0.09761415647100236,0.047793869158205576,0.13353075409987347,0.47825529399520295,0.009354639372677248,0.0019159128127389919,156
0.04292423884433586,0.08241245261185876,0.00680384155257578,0.060256840477480006,0.009568317693475641,0.003485669396576697,0.794452472033725,4.115804757042445e-05,5.500934240191913e-05,157
0.2862602609589207,0.07805907483554057,0.001130797039864732,0.14994447055939417,0.02934324332592336,0.0071657695129498196,0.4467979445714524,9.973138136705896e-05,0.001198707814587219,158
0.6565591272443032,0.0190889376279781,0.004979685480183255,0.0774179529531201,0.07128792274913699,0.14099968508007701,0.028802360763755894,0.00018712803104703872,0.0006772000703981948,159
0.017386402459380453,0.8888907931488249,0.001431689422919886,0.004784953041640047,0.006825342951706447,0.008073476487728059,0.07254004111000731,1.8507576056008756e-05,4.879380173688279e-05,160
0.13087203134756428,0.028807890975218842,0.002135752369866067,0.48610435145923975,0.01178936469645312,0.03973885788546183,0.2992508544232827,0.00037818079716865096,0.0009227160457447118,161
0.19458802608592793,0.052070764088972606,0.0011255240715101463,0.16676094679652334,0.05916271510829947,0.050837617281767986,0.4748820269024943,0.00035264790436429367,0.0002197317601397233,162
0.15093575224092157,0.622324115028447,0.0002730162655026145,0.04607725856321694,0.009980756614091674,0.00448219242790751,0.1657397162081867,0.00013241513460167804,5.477751712427594e-05,163
0.5564010278291391,0.15216322692262021,0.002570031702966092,0.1666715203793799,0.02793231079712838,0.023056763684500527,0.06149459516103855,0.0037985409352253824,0.005911982588001845,164
0.039661119564498415,0.20902843066936425,0.001017065523985496,0.02870244483974952,0.013734224243854962,0.013539057645710704,0.6929546462550658,0.00037029076629501676,0.0009927204914760104,165
0.5105366277146797,0.022662526104608914,0.004961102033733601,0.1738525490998352,0.13781791160585735,0.06100492967342297,0.08860201575336461,0.00029459230660907297,0.00026774570788851767,166
0.03313600082557326,0.318024117519612,0.0041682655419334105,0.032852213050899644,0.11760333416144882,0.04471534118878242,0.44741525914873026,0.0019205790186713001,0.00016488954434895078,167
0.5451754410630782,0.09185294137447254,0.009660664546656055,0.2971847752872753,0.013467319494574687,0.004532201008202464,0.03774046767836238,0.00022030806797090704,0.00016588147940750482,168
0.2841965849095229,0.17440814584155842,0.002604389127378245,0.1417018179569883,0.014577521304547498,0.06584295220253152,0.3159657986168296,0.00019740482481767546,0.0005053852158259948,169
0.21993403459433594,0.29840064211081613,0.004059708898599767,0.12740135205377967,0.11681707344040289,0.01675615502649582,0.2144527194620062,0.00035309818532184564,0.0018252162282420634,170
0.0838238462897255,0.2724527946878403,0.00436001462718916,0.05103748337532545,0.026837392202922587,0.008820980460646742,0.5525218187156344,8.692958626657142e-05,5.874005444919735e-05,171
0.033754938132313686,0.1451297322995236,0.004212289727166559,0.09997766218657202,0.027838119894468875,0.11941896556635535,0.5689465793517132,0.0004970773660411987,0.00022463547584555867,172
0.3198339005413449,0.4043652895003879,0.004251861857025798,0.05414153602012925,0.02627078301386006,0.08847409305474174,0.10101506019710944,0.00039932414178700184,0.0012481516736139065,173
0.3496858241624846,0.027513728138105438,0.0008350557052935633,0.27082726089095144,0.005073568885025295,0.01474163952474975,0.32770837463078545,0.0001793547742806773,0.0034351932883240114,174
0.07484252421822132,0.17116435004629793,0.002866363202728758,0.05125667687281909,0.013919681022108549,0.049302136328980714,0.6356303502605881,0.000410738106794705,0.0006071799414610813,175
0.2631767353245669,0.14897017434066148,0.0024287609249867893,0.38541831561872675,0.05150243389712285,0.009239298054172847,0.1389938605739846,0.0001431001578012243,0.00012732110797651327,176
0.34430951775449925,0.03801883490899756,0.003167541285846118,0.4018474144008137,0.018695212365696615,0.01254652683086556,0.17683064065604198,0.00114605318760262,0.003438258609636796,177
0.22075757016554112,0.046080155696120104,0.0013705660595328517,0.2628151883986713,0.01589447776432462,0.021400967093076033,0.4312699826934884,0.00017441066723907872,0.00023668146200680467,178
0.5922956540890716,0.04526713149964793,0.0030479421691138537,0.1791434236944019,0.007557269365874922,0.03814968454952981,0.12853685712296625,0.003514542704277979,0.0024874948051157226,179
0.06599599092530212,0.11053186989148114,0.002157560119627805,0.07154166558622618,0.030921460749568648,0.053146585635541886,0.6649513981448764,0.0003793301020873373,0.0003741388452884991,180
0.32977807874198883,0.18515107779044102,0.004172329707214008,0.09921741787406833,0.01786038710091998,0.030742340157173857,0.331802678604676,0.0008693612100900595,0.00040632881342795397,181
0.0428012970918708,0.10668353274989702,0.0011839027385009877,0.08289431976544864,0.0075988637746969645,0.02418125860106702,0.734166072593464,0.00013972737368275485,0.0003510253113717881,182
0.05955925558487792,0.40618126238035807,0.009043000439511976,0.10129707839160983,0.0565125976130171,0.16761586519812036,0.16973270903327178,0.026708028993807136,0.003350202365426104,183
0.388388972853999,0.06589814028801566,0.0016665027483941178,0.45465446621140226,0.0063710684683477995,0.0455971988545246,0.03706887676114432,0.0002488264612251202,0.00010594735294721954,184
0.032382882812388575,0.13499398059009463,0.0009140595826317051,0.015794003856907716,0.002908785896999025,0.004856002859400165,0.8080210398755414,4.101098930280964e-05,8.823353673380788e-05,185
0.32877016312180657,0.09518703070878376,0.004280966170950876,0.20603172966647862,0.028697793741809696,0.15821495018378817,0.17732024030864113,0.0011411658536568715,0.00035596024408427357,186
0.174896199326746,0.1338000676349862,0.0022848462894310985,0.2763376487685518,0.06379248503151312,0.024635078981624613,0.32387962447504026,0.00022096910667137522,0.0001530803854353487,187
0.03653643951256286,0.11737382249592904,0.0011972740848673598,0.11266148511753853,0.013552705186521229,0.024324882212535048,0.6940368449974058,0.00011566916326295333,0.000200877229377365,188
0.05525023616758809,0.1024681869883867,0.00220372828809833,0.05216537698171255,0.018720555119203737,0.03653142024551695,0.7225934224698408,0.00021767440589553434,0.009849399333757265,189
0.2527299438005249,0.029317994610378612,0.0010947517286508611,0.3623487620740061,0.2066018630115757,0.02237708056861556,0.12455432363852784,0.0006401576112684053,0.0003351229564519308,190
0.014156595826142575,0.1152633197228067,0.002513931002707364,0.0714995111959283,0.025741914349121642,0.03916445976226566,0.7311169983509106,0.00010298995988575556,0.000440279830231215,191
0.3075211768080915,0.02373986802164421,0.0014194562526500052,0.6073974272066458,0.028859813461982443,0.010241296330563535,0.020488393157503653,8.158890959380228e-05,0.0002509798513251895,192
0.0278457258765058,0.1273800450104546,0.0005951462960418119,0.030691373567284515,0.01573279754898094,0.0048498462278923704,0.792727106181298,8.390094581068966e-05,9.405834573092853e-05,193
0.17985552763153032,0.11701420972584034,0.0035424241716344785,0.26601809647207686,0.006974307693184643,0.01339859923688314,0.3776797450891802,0.0006891491834514799,0.03482794079621862,194
0.5574759716996587,0.020383587647501113,0.000663286764033241,0.3209210482154536,0.006337032805533107,0.015227142941995985,0.07859913466044444,0.0002048250922751728,0.00018797017310487248,195
0.27746148744302757,0.24733345705508056,0.012716236555048834,0.2584690300272367,0.0670589153175404,0.03700830163923836,0.0986045580290905,0.000338762617659342,0.0010092513160779196,196
0.17329772484537678,0.08366871857407278,0.017538710172676795,0.14929170332620242,0.08264128935769602,0.15214120234010511,0.31034369558604374,0.0011705337222497822,0.029906422075576655,197
0.06498541492818576,0.4255598477653909,0.003097082183562379,0.13747318924065965,0.007131531751196914,0.011200504185121618,0.34744704365036977,0.0026786168230446294,0.0004267694724685894,198
0.26751348679502085,0.03383309174744913,0.019660318944774713,0.12210947704715387,0.02755441493229546,0.02341529308828883,0.49936027111412185,0.0009100015102512374,0.005643644820644111,199
0.5852972822394996,0.015124649264780814,0.008605350862405775,0.2928982821930889,0.05622842796015677,0.007632693998770514,0.034067439185032466,9.369445537230967e-05,5.217984089263729e-05,200
0.06803583201177563,0.09656355375473875,0.0010276312286912326,0.06306049062712846,0.021260024445899004,0.005563422906968766,0.7441606969502012,0.0002540563328585414,7.429174173851662e-05,201
0.009388177114530986,0.2195290294509531,0.0014862563123309823,0.025570416020775307,0.006647812274631263,0.001963653490136581,0.7353546308528333,3.025431828304634e-05,2.977016552541657e-05,202
0.4574212500574852,0.011457802958950693,0.0011210305177944708,0.4707470644414714,0.009499978140199941,0.01133855239553465,0.03804193270965252,0.00016272695585699845,0.00020966182305421672,203
0.01288449172031792,0.750812511327554,0.01896789074814576,0.045635903873507445,0.01816807594038897,0.027433497890684503,0.12140496241588625,0.00024927264632943136,0.004443393437185845,204
0.0929820944772688,0.36671166252583814,0.002929871861779442,0.06723548162877585,0.10374651166430245,0.15240566288054108,0.202725563296813,0.009907143737884698,0.0013560079267966865,205
0.13371235751431726,0.1843056410646151,0.006610537496093826,0.10358366025259812,0.03369107908072678,0.027160959082914937,0.4483920512954107,0.02232134441904749,0.04022236979427614,206
0.4078905175438456,0.061843409693734225,0.0012569289107893767,0.4140042934724546,0.040735444610888356,0.02316287925058324,0.02830641017175216,0.02167602299362716,0.0011240933523252125,207
0.2765788335250441,0.05892925796192426,0.0157706912489577,0.187290995423097,0.03151003005341318,0.011770408306278889,0.41114303725775503,0.005816561975542116,0.0011901842479876857,208
0.5014378750536712,0.0501311818796133,0.0165443965826193,0.37785181044709915,0.004966523656825929,0.012412057809992296,0.03577100061698044,0.0006927228787075408,0.00019243107449056035,209
0.0913484160588125,0.007995065048502534,0.0010905420967191543,0.04309346866573338,0.03287513604352647,0.18484491089883853,0.6379253919776183,0.0007193667723373582,0.00010770243791160995,210
