class1,class2,class3,class4,class5,class6,class7,class8,class9,id
0.058389190383703535,0.18471993610250945,0.0007198777613271896,0.029675251945450235,0.0027882468336321133,0.003010198353808622,0.7205895425408411,3.920018112862896e-05,6.855589759933826e-05,0
0.24156014722342758,0.06369405094518464,0.0023510994823267364,0.5507500796904078,0.0822671068205174,0.007272064313271552,0.04937553945367092,0.0023849839046386026,0.0003449281665547355,1
0.07242734350523782,0.09152126739674908,0.007677639743863139,0.06503610059250202,0.07008677176225782,0.08148667845854757,0.6105611981911004,0.0008863686955218185,0.00031663165422038864,2
0.02502454644317532,0.1453073754528172,0.0009774564710371828,0.014577797822629043,0.00840321012145506,0.01121467920943652,0.7939697231466042,0.0003936776209336641,0.00013153371191175495,3
0.22677460160434615,0.028983062658441694,0.0007080988711284365,0.656505382412738,0.003881029142455504,0.005785856451679259,0.0720004209162469,0.005061538210248399,0.00030000973271583945,4
0.4778295246160613,0.10524041974466448,0.0014256501908814165,0.37955497975869296,0.007105751840926263,0.01543711003407456,0.012719246947620498,0.0005145670295117369,0.0001727498375667759,5
0.09706117815950743,0.23850444898716558,0.015104600899278973,0.12742790543015414,0.019534307877379677,0.008878688639968761,0.49312825885027833,9.475293045014151e-05,0.0002658582258166839,6
0.04059889544548217,0.08460651196617522,0.004972773489556657,0.6605213844964912,0.07670962082432248,0.02572573475782334,0.10437025975513066,0.00048021783263581296,0.0020146014323824133,7
0.3415573036308373,0.35222046380763455,0.01430123181046735,0.1740070278711179,0.017639335157482037,0.02214875162270385,0.07723221103644895,0.00016275012265887313,0.0007309249406488378,8
0.1410255628056198,0.5736554364013119,0.004776335042796526,0.034397101260971535,0.012713192503071987,0.006948363075225871,0.2238148083393971,0.0007228470645496655,0.0019463535070558724,9
0.022532422149548904,0.2325239793842954,0.0014298639593689623,0.03547244875534224,0.022506835352675073,0.005004785145722189,0.6802330185620472,0.00022870364553807042,6.794304546195188e-05,10
0.16303221460831677,0.07001394129569069,0.002065570568896431,0.14611370725080167,0.0114351190729824,0.004353699960575926,0.6025401913155446,0.00022067208719776308,0.0002248838399935976,11
0.2663420111998485,0.009446722909843934,0.0013616520952790415,0.02091935773020434,0.21771288811894698,0.46640051886620715,0.01392146557532962,0.00026558532057312456,0.003629798183767425,12
0.07563596409189198,0.04305045305245043,0.0032782843688916696,0.1365698690781347,0.016745290652451426,0.021055852357400207,0.7030920350279161,0.00024296328518890682,0.0003292880856744808,13
0.06931575353833062,0.6591289414899244,0.0035522292620234546,0.02864492848903528,0.02386205461689642,0.006044230833543552,0.20891365194299863,0.00011753174957998713,0.00042067807766758754,14
0.049930175855004595,0.08926105334928089,0.02416208074538203,0.07665525824900714,0.02941792697231785,0.03525436805056236,0.6850211279293705,0.008461722682150764,0.0018362861669236276,15
0.1301948878525832,0.06374207530524943,0.004020400894079869,0.2527335569423344,0.1322654927177928,0.004774321393418397,0.4118059104215138,0.0003020692305820916,0.00016128524244575965,16
0.02987070156561587,0.41427706455415053,0.0016795826686327943,0.03443896951126971,0.10262192929581969,0.02785040107796724,0.38707254462824986,0.0016600869754138288,0.0005287197228806186,17
0.10179476550401183,0.051376522134062956,0.002004173396887102,0.21267240029243895,0.020974120331944346,0.012907739026545946,0.5966161339689311,0.0006477719734813861,0.0010063733716965818,18
0.005402158065310489,0.01784866142607394,0.46208311486299203,0.003278550874758891,0.0038679686706057136,0.0026335403320831194,0.5048272037385451,3.697084274563412e-05,2.183118688502209e-05,19
0.43458275878939306,0.13922521970998927,0.001905763307512985,0.18798287647998652,0.04129841183525849,0.025570884421998542,0.15571101032144471,0.011995596938683744,0.00172747819573268,20
0.038245358246288046,0.16262965904583404,0.0037130373650653453,0.07812567324802872,0.015648403382342167,0.011623825506011721,0.6882926118271573,0.0013105125347893693,0.00041091884448336293,21
0.4021188356151046,0.047788343544545295,0.01276450602500796,0.39717140403267587,0.007320753473973024,0.03668738790856395,0.09409614171844219,0.0017307215597751557,0.00032190612191178514,22
0.015325459958788038,0.15735700280161402,0.007936358648632739,0.02882086262339568,0.013731975448615668,0.013690495187203763,0.7600413383163305,0.0027006206948994712,0.000395886320520413,23
0.007909055946799462,0.10381881376333636,0.0006750601407748836,0.023940505167695973,0.0035638514847373057,0.007195596400128755,0.8528068527722805,2.4819980886888617e-05,6.544434335965724e-05,24
0.38786078867681983,0.10219934113204632,0.022531253429482867,0.2789512178524932,0.01515028957172707,0.01157626535192988,0.17820941345025676,0.0018671308372071676,0.0016542996980366592,25
0.22161757995573336,0.015266425865692115,0.0006544633486054894,0.6704462469900105,0.011976870865375914,0.010656470191030783,0.0690528386259161,0.00018314390246031194,0.00014596025517526456,26
0.042567924718620226,0.24192429022963072,0.018374700419033958,0.009842357361302722,0.020254829112055353,0.037400514745681096,0.6287321430236691,0.0005999753634570102,0.00030326502654962544,27
0.09317425636172418,0.09997105861808722,0.0029641463351225365,0.08780872601372133,0.0080840488784981,0.012427219486100002,0.6851337692494112,0.0036237869349911643,0.00681298812234419,28
0.06643610083067358,0.45698168089152796,0.0012370276901861126,0.041406458618996486,0.007408624828719954,0.01969397859446116,0.40460365989470215,0.00018411289761252926,0.002048355753120121,29
0.035813618511129734,0.19256909616101775,0.001960565498010061,0.012315881512990916,0.003124870732097106,0.01897686174452682,0.7346282587961869,0.00010109339915940582,0.0005097536448814532,30
0.09645679793227199,0.08833240184542908,0.019669489125376624,0.08679671171147135,0.04989681496807357,0.016555751592993512,0.5822561152922867,0.05572780153425618,0.004308115997840805,31
0.020490245734245224,0.1778036721593102,0.0003464022040379587,0.01708487550829514,0.004596682066049541,0.011796300957866433,0.7674790827531373,0.0003202959077351673,8.244270932315086e-05,32
0.43371970032730767,0.12220988448914019,0.0018971886228388698,0.22457950138976832,0.013895993416493398,0.022689111845585423,0.18057770949210233,0.0002764463381130896,0.00015446407865076514,33
0.06965911509716856,0.06285514998898496,0.005112959943363305,0.1864767882132318,0.1316683803114216,0.02758291156132788,0.5091317494855668,0.007435310715635992,7.763468329896367e-05,34
0.17306078412314632,0.06403956137671203,0.008856289084530724,0.5856730193688905,0.0502291451653648,0.026318615736850064,0.07540721120773615,0.0023758720521114326,0.014039501884657822,35
0.2541362193574494,0.08562354871071864,0.002217025945986487,0.2788621284122461,0.0152779754524341,0.022858409491073373,0.33840174106008875,0.0015031608540479245,0.0011197907159552426,36
0.215963432041902,0.2344356800878846,0.0011983122909348456,0.3453252839585578,0.01301029238676854,0.04655032692762353,0.14266939607771878,0.0001303266671816276,0.0007169495614283737,37
0.0338539511336471,0.17465616670876058,0.0008706756878340044,0.045048050028060005,0.009439797015859034,0.05874995320871567,0.6762950428868378,0.0008988070065533327,0.00018755632373239304,38
0.3256143159803399,0.3498630083007075,0.007056904564083899,0.07132266285654491,0.015470827547104521,0.062338271956610375,0.15147521139251313,0.0015326149514016025,0.015326182450693854,39
0.2956623325980181,0.13003819305117892,0.0033880695616563747,0.07963500307440247,0.016794801836643794,0.014072031764634427,0.45650511856996145,0.002934589136744489,0.0009698604067600664,40
0.4563419469900818,0.1436264038027954,0.002943234257569087,0.07064990599080614,0.03051876559223086,0.05135430220514955,0.2435589994418868,0.00048810892016648355,0.0005183327993139879,41
0.8206860109388229,0.011072612908539592,0.0003188167308562164,0.14065522821745352,0.006207326198464269,0.005603902577071669,0.014730892301512758,0.000598871253199215,0.00012633887407981825,42
0.19272383886500508,0.06845477143292504,0.005140722267179437,0.4259296532625289,0.027485830184132563,0.028425576035696565,0.24975466396507065,0.0010281162960985985,0.00105682769136315,43
0.041685210601117066,0.10023938802857643,0.006974155181274711,0.025135545158495445,0.04091203921955265,0.06233778242108574,0.7223259209237572,0.0002840638212011936,0.00010589464493951954,44
0.025488208466605412,0.20202684851430883,0.005663444837226258,0.058945031352830475,0.07588727066260546,0.028616201698120524,0.6010478101058083,0.002242918227709943,8.226613478458105e-05,45
0.5953411275102828,0.054002224306191726,0.0031482147731852427,0.1429138428436703,0.028929632351973995,0.010278409304233155,0.16505284367665057,0.00018296697057151057,0.00015073826324095478,46
0.12941707372231892,0.01001364097652798,0.0016272692547815988,0.7713363492820523,0.02512031666689023,0.011135516613011615,0.05119038735767745,3.1291354315493295e-05,0.0001281547724243334,47
0.2360235684975833,0.4433552531513827,0.002046362173048188,0.11146740171573996,0.024019566835118893,0.10405179912596338,0.07599118782060243,0.0021549559476922546,0.0008899047328687394,48
0.15263519761054253,0.4026792284102913,0.00282903292437725,0.08885448705779937,0.15077400291805979,0.027077855312629868,0.17428467271916528,0.0006501668668080291,0.0002153561803263916,49
0.2604942271509576,0.09194466196339923,0.0004355318063725373,0.4220199586613248,0.013297412705294191,0.012771693858930833,0.19325270400561323,0.003560074479466715,0.00222373536864117,50
0.11140278740801765,0.19580357784015887,0.004015082608193002,0.1480250787879831,0.06602189162662399,0.27781617014439713,0.1942869600946282,0.0019452423512197141,0.0006832091387784828,51
0.03721619138617438,0.14673028151994882,0.0013740906545913827,0.018445711971882117,0.024604776998670093,0.00982430158551935,0.7583806946927538,0.0006470804526284543,0.0027768707378314278,52
0.101624339407314,0.18538847294321517,0.008778180060049922,0.2127694327181582,0.006925373145801699,0.029541325898051845,0.4544198746016136,0.0002645485746863098,0.0002884526511089748,53
0.34753648857091557,0.0627793244286507,0.002689549781753994,0.08113751650580399,0.02399641867150833,0.05357125824322221,0.427250063212408,0.00028990219167330475,0.0007494783940638965,54
0.0331911787144643,0.016227396917145646,0.0006413818043053577,0.9242249362302711,0.0029803886948073003,0.00191203370824756,0.020762844940272154,2.4145556416102477e-05,3.569343407042947e-05,55
0.353066379137614,0.053500146266964047,0.0005743181123458975,0.13162248118114864,0.026197721899742666,0.05253118152080997,0.3730699016717594,0.00794160003488784,0.0014962701747273407,56
0.013427753437250362,0.4031706701128971,0.0009940128015760643,0.09912049081842868,0.01750647767778768,0.04922498757882944,0.41380089981407603,9.550945467389945e-05,0.002659198304480801,57
0.4618542327110476,0.07580233796838225,0.0017418975282341989,0.15104983424016286,0.050426812402982565,0.08129646412148196,0.1754016257055439,0.001245903908508976,0.0011808914136557734,58
0.2852093528956134,0.14796794828433635,0.0032513237975372146,0.1352096355114404,0.01798126434311501,0.013496800124906384,0.39542819235334603,0.0005957801403397824,0.0008597025493653375,59
0.04930924319683155,0.19611665112162438,0.0021035305449551333,0.19044231603061507,0.007509124495603175,0.010916856596501217,0.5400165294759218,0.0005973763950129235,0.002988372142934699,60
0.13580008878435765,0.03299395047669455,0.0023072496202811007,0.5863338687899846,0.17793924200799496,0.01138419933281585,0.05294865038707871,0.00017123939666761762,0.00012151120412498549,61
0.25291079817425827,0.04726960846401104,0.003926211509800619,0.5542584955959887,0.011738631414583261,0.04664749799232561,0.07334042989907272,0.007235652218449409,0.0026726747315105282,62
0.1821547018152702,0.05264433371328511,0.005222821108252255,0.10801717874477186,0.02179402915060046,0.008758877741489925,0.6202593554427619,0.00017902698394075167,0.0009696752996273994,63
0.07923820022168959,0.03516443658957153,0.003071681222992891,0.48375578473311864,0.041419610163503304,0.0186469389367842,0.30979191347901675,0.02032320474908478,0.008588229904238175,64
0.07391527224055122,0.25134229838719974,0.016836651872691337,0.07828152503757167,0.028945352812657744,0.02489347476100347,0.5252565714077062,0.0003678065045931222,0.00016104697602534461,65
0.2284480660178087,0.34232555015415694,0.0033628631128733433,0.04820067975820684,0.01314515106074335,0.05757807347509806,0.30447749153121145,0.0014161334392844937,0.0010459914506166959,66
0.11375352814673505,0.7177370079935071,0.0006164501912690139,0.05710992289475613,0.014254931525043557,0.025099773028058735,0.06987007932315273,0.0009129627616847248,0.0006453441357928941,67
0.0366958369255603,0.14439789678529663,0.006080569683143022,0.014313357126960745,0.058906857085432404,0.025963993469975955,0.7103605014539328,0.0023669621705859362,0.0009140252991117865,68
0.3494762254099007,0.07679948085027312,0.0021300901059572524,0.389875123381269,0.02904418681880451,0.018209177559546694,0.10573416561551896,0.013364456205143321,0.015367094053586251,69
0.0162994045761249,0.005046920089021139,0.00043521697071098267,0.9634626279983148,0.004942771491077132,0.002533229366622762,0.0070996734714800745,7.363584536555921e-05,0.00010652019128280839,70
0.03814831510329177,0.030320344658356466,0.0008927658403823229,0.04080379151705534,0.012818779387417911,0.0019697880159833684,0.8749447919964671,5.377662858927403e-05,4.764685245634249e-05,71
0.1776133983081177,0.036523278549687316,0.0032246552467159384,0.4072060768839992,0.05675399951878051,0.20452891916080793,0.1135145801567086,0.00016654779038252198,0.00046854438480063227,72
0.1314923990348874,0.11861594176363319,0.007434917202179036,0.4883566061083585,0.03860708770013796,0.06236575572379771,0.14708402898837297,0.005500639540589586,0.0005426239380435893,73
0.31283784912860535,0.10838154914295879,0.0015202703963663844,0.29184165912286586,0.016762765157913823,0.07157700940475438,0.19585289063794956,0.001092583987336016,0.00013342302125003545,74
0.16579683490509217,0.4330585304033778,0.001400280641114316,0.15226918519732552,0.00540461361814189,0.02073056613185364,0.2208770856855824,0.0003435429876798799,0.00011936042983234156,75
0.6617548052275907,0.03878282106170473,0.0064547240462117595,0.22635926840876705,0.015235392767702024,0.028829003295692456,0.022227985234099523,0.00022984532607220098,0.0001261546321596755,76
0.08759446494952046,0.1317115660475007,0.008217696989868161,0.2089860925893674,0.02465630855529667,0.018188327221253523,0.5204347087921194,7.173629340895438e-05,0.00013909856166463151,77
0.06806756396623466,0.3836847632686566,0.0029766563992457105,0.05942550657196394,0.015325707577578276,0.01823386737666383,0.45107572226444276,0.0008597246155449216,0.0003504879596692416,78
0.01521938895010298,0.07157006244484769,0.005139931681286762,0.008957770394394606,0.025671167946907117,0.008953407194074971,0.8643146920670658,0.00012279346195253024,5.078585936739686e-05,79
0.26922232170008936,0.2152456013662786,0.001847104816613929,0.07573779099478155,0.025603272650735934,0.2411825538487274,0.1629028054149222,0.002243198988530206,0.0060153502193209685,80
0.14977050720554017,0.13567985826943202,0.005201443300192109,0.2518992464509572,0.005409643217335361,0.07233839896942892,0.3783530964233687,0.000866027016587297,0.00048177914715833104,81
0.05769215916080434,0.03469091141886321,0.014779376508313033,0.6477566367268505,0.05100778476731815,0.14982009279978287,0.04325048078680309,0.0005744738987591508,0.000428083932505721,82
0.6246013683857994,0.08163580897959816,0.0156301628881513,0.0509712165410253,0.033331495639693225,0.006311033299061409,0.18624021196175616,0.0004124466952299203,0.0008662556096852276,83
0.037482820987684955,0.1207890517999323,0.0036948341010290546,0.05474724095029164,0.016753514789685404,0.026435471353254334,0.7387710985129118,0.0005700797539771284,0.0007558877512333197,84
0.045226889062867585,0.15412096710667714,0.0018469733884496405,0.06111338012761608,0.015346081233185092,0.08170251009894326,0.6402638041123769,0.00014594342672949665,0.00023345144315488423,85
0.46706275749781473,0.06051960565665863,0.005667968745093622,0.06588621073349263,0.011089002843481861,0.08834763903391447,0.294892461866695,0.005938289382615319,0.0005960642402338278,86
0.43134010773178594,0.05975852152769582,0.0023875264928241817,0.11456852212396819,0.03722822591096163,0.07225256497071424,0.28159148634036674,0.0006552147367792091,0.000217830164904099,87
0.06408350718192687,0.09604711525334343,0.0023132950789826047,0.06479579944832972,0.0029292703257336314,0.018677126526220802,0.750812942069623,0.000165631052413139,0.0001753130634270263,88
0.1361349721388103,0.12661984313392194,0.0034629927097110922,0.16646880076275572,0.05155646487655608,0.018059295306034392,0.4057622379127463,0.0016500111133166816,0.09028538204614737,89
0.42096200941029355,0.16861504547144665,0.000984203288917791,0.25096797926021996,0.003452413920534092,0.010624927223389006,0.13969116166618856,0.0031339574678051,0.0015683022912055334,90
0.38201747115971246,0.055668305571455176,0.0020555390591704996,0.22436731918416533,0.008751539980816916,0.024732028610911717,0.3018086005271202,0.0003007673328139882,0.00029842857383377796,91
0.042987887079598525,0.02974323325178959,0.006886100173304266,0.03170046681253625,0.009613470000062192,0.009794273781474443,0.8691778620627707,3.150452928399669e-05,6.520230918021061e-05,92
0.012336692831010066,0.33952882488327685,0.0011345790462733586,0.008066483403798537,0.0026935623307645963,0.002901368994799068,0.6332709660302432,3.458009763872595e-05,3.294238219550881e-05,93
0.19647857923568682,0.11577571943184758,0.005882372647346006,0.3737110669906176,0.0401145533680592,0.009643132576231433,0.25545230871176067,0.0009445341926905478,0.001997732845760275,94
0.6304264205690728,0.017610565659359062,0.0013412669578196942,0.1281246735010526,0.03708268532723609,0.13804521512276705,0.04718657961378386,4.709464904500258e-05,0.0001354985998637201,95
0.26804701552886917,0.07859354479085028,0.004610690320921982,0.051634766726137406,0.009290880391473383,0.039559021713429246,0.5457503590493279,0.00018715266807739785,0.002326568810913017,96
0.6082286594316489,0.1107422798092047,0.0011830061662353743,0.06248077332036928,0.00994503083893701,0.07100639761592005,0.13249053421462462,0.0005139475859981372,0.0034093710170619157,97
0.5477037964154384,0.011065828985520368,0.011432388702826188,0.19864146701214497,0.16973589202937248,0.013723814985957967,0.047181060080696204,0.00029940930468539144,0.00021634248335793873,98
0.2780629924925129,0.14512647584860186,0.002096568041153889,0.3553565185839058,0.004645223288732975,0.029918553881629128,0.18300094894271554,0.0008976042769755447,0.0008951146437723155,99
0.640362227484491,0.011557311373495041,0.00070067390505013,0.17617512274531288,0.03289051413351002,0.09770055040766672,0.0394221208421457,0.00023109800118197607,0.0009603811071465244,100
0.19518838955434958,0.12005967475197789,0.0026004838262459837,0.3240813852309912,0.031372009993924,0.07252407553235223,0.2474807458382279,0.0026492847763802275,0.004043950495550939,101
0.031220461996050795,0.24910212449428332,0.0013045661350068332,0.0385558139927392,0.03752646474279678,0.01956694028138415,0.6225207163354688,0.00010799869341374264,9.491332885638046e-05,102
0.025409457531528915,0.07192770611618762,0.001096784044968086,0.12655502617046574,0.01963285095425114,0.019299469504281387,0.7343545548195982,0.0004850838518723426,0.00123906700684675,103
0.1412913986428435,0.32708414092868,0.001700706758793195,0.10802580875664416,0.01902636183830568,0.01611805632419323,0.3852831558306854,0.0007525051438252183,0.0007178657760296211,104
0.13843128813346747,0.2608836192246642,0.0026555833665965123,0.1485142571873954,0.011708757575952175,0.023207511654308958,0.41407540169367374,0.00039235896611115997,0.0001312221978307085,105
0.1078426405812613,0.12102581453844685,0.0014704638403175462,0.07203269005727328,0.01507920201062495,0.025786447921714604,0.6558613235006485,0.0007344785306545942,0.0001669390190583519,106
0.756736969768167,0.016554683163198837,0.0044925429798868535,0.06667345427237485,0.06544310722953063,0.03106701852061469,0.05820856510563064,0.00011004297817227271,0.0007136159824243843,107
0.034767698995977245,0.23317475937785678,0.0016721659589483747,0.09527882726036797,0.05321801355887264,0.04186968210817973,0.5392481598492445,0.000672874760429095,9.781813012380072e-05,108
0.3895097559422758,0.1114711377075382,0.00225858228579543,0.14967531620477548,0.05808475976725088,0.03719779326361518,0.2492885635064259,0.000828449159222089,0.00168564216310098,109
0.017363516870301635,0.032582042969195486,0.0028888117102893046,0.01259257242187894,0.023345849697470895,0.00833539864465642,0.8990698018556995,0.0009329472052807138,0.0028890586252268207,110
0.01786602624302373,0.21535282897390143,0.013914269800587742,0.037934344701912606,0.034267735329740256,0.017611154211200984,0.6622603224549426,0.00034634456465625876,0.0004469737200346447,111
0.3192370615247921,0.10454934647685636,0.010688511288328236,0.23030507118925295,0.05043421409682797,0.06845370195762912,0.2131653301795791,0.00276859972660108,0.00039816356013288933,112
0.016606946204097302,0.053465051176400435,0.0009289260063680551,0.00826975527478377,0.0074477262428296115,0.0029065193349898217,0.9101536712684317,0.0001242632328729056,9.714125922602037e-05,113
0.434502036572434,0.03218916606706434,0.0016733845649358483,0.4231823135997739,0.03142524767716384,0.005941441367324718,0.07070793674685666,0.0002179845140956192,0.00016048889035124688,114
0.22392353750106783,0.03754228756488655,0.009297045176975102,0.4794136248741242,0.01971578345272949,0.037994325453737265,0.18971055822973942,0.0012316081500906054,0.0011712295966494906,115
0.640256175369179,0.06479248900595175,0.0017825342226023505,0.18198436722160938,0.015037319444135042,0.04418848563818475,0.04740223389584716,0.002202349592097462,0.002354045610392989,116
0.2638358562935145,0.04433804542075008,0.0025564227538044807,0.43167096745195677,0.05568963208633675,0.07588321401902982,0.12395288658124055,0.00030194842538401015,0.0017710269679830466,117
0.5963713101323662,0.014918246922324532,0.0018871916040859125,0.33152525773389985,0.04586347793727464,0.005081906736439965,0.004180995972317017,7.278175541190968e-05,9.883120588000653e-05,118
0.01903151909551398,0.8485290071206278,0.0009132934196784553,0.00481523202858159,0.0005511187649588107,0.0017716708115713732,0.12434586136888948,1.2368605824301616e-05,2.9928784353957633e-05,119
0.3540044948937869,0.1288093764166822,0.009529801037505333,0.23792172272897794,0.049183951707377264,0.11022477656096977,0.09965901811694379,0.00977437050886083,0.0008924880288958703,120
0.44023141371686886,0.0067486500912993805,0.0005782376903371981,0.029821004689527073,0.49215442638018286,0.02215987858475263,0.00825856031779813,2.4247313021028202e-05,2.3581216213241663e-05,121
0.6399810785035165,0.05784512870735498,0.0013647797065869957,0.16735982948140385,0.016935631558473944,0.004673794797495411,0.11121233052929749,0.00048516570362550445,0.0001422610122452957,122
0.027756134278536564,0.3467353214950811,0.0007640241652852566,0.0098285688423861,0.004411862008127175,0.004718014181031993,0.605535103684023,0.00020748611564212882,4.3485229886861725e-05,123
0.832372073418495,0.0399974502044312,0.000719041086803183,0.09030984480312726,0.007816534242269715,0.0019085801174814527,0.024136352953789724,0.0021625749613187265,0.0005775482122838868,124
0.4263637328136904,0.03860542950809548,0.003668336420211096,0.20743646129268548,0.059046813749431146,0.174439491380963,0.08879475646753011,0.0004804057982130819,0.001164572569180068,125
0.24147245085416796,0.19915957764063513,0.0020536426478032213,0.30570333929225263,0.061040570639553794,0.036842362998273565,0.15314371230295556,0.00011372313506006174,0.00047062048929818686,126
0.09685023762805416,0.2572184252700329,0.0051669282116121856,0.18917116176857765,0.011104797361744106,0.09594163864358252,0.34350009559394135,0.0008214657024342129,0.00022524982002088205,127
0.16338956270395882,0.049276652612166016,0.0016082287798702324,0.07195490453307397,0.011016970430501608,0.010640473209303416,0.6915751872221796,0.00026009449575856077,0.0002779260131876844,128
0.4429304115344699,0.04031786048354162,0.0010785772640872408,0.4846310382326255,0.009598577892811646,0.00789197410997308,0.013213971546619538,0.00017341060617783726,0.000164178329693368,129
0.021972273157228637,0.18417602601332722,0.004966604730406256,0.016406037271508772,0.00697940797526539,0.030667001875460783,0.7346735681079006,4.883255980614328e-05,0.00011024830909618095,130
0.16024431436803682,0.12127533029939416,0.008321676192514536,0.05519121726170192,0.016300020849028745,0.03987504894050231,0.5983213252248266,9.525821022919896e-05,0.00037580865376555823,131
0.25292458774808196,0.06536374042726487,0.0013075363628062325,0.21922496642680353,0.027247856321528024,0.015574414074440317,0.41670290131676624,0.0014308068801574755,0.00022319044215138545,132
0.4351647085561303,0.05473525395533715,0.001127386773294539,0.4113903142010787,0.007271994335886529,0.021292454239221364,0.054248481799224355,0.014374619702089442,0.0003947864377375761,133
0.2560328423524326,0.114056985247932,0.0025333238985233326,0.30458064579609156,0.01716897101373823,0.04665448656548301,0.25762369881339403,0.0004908059824017189,0.0008582403300037432,134
0.3605072295034388,0.23496442032650422,0.012345196449831222,0.1885031194858418,0.03943945784117438,0.058488567865835075,0.10010213734331234,0.004630506508838464,0.0010193646752238755,135
0.03482712780678312,0.019581637961509232,0.0007840955110558189,0.00843767943069887,0.01141782263280124,0.01836495766116181,0.9056492550978151,0.00035866824138731197,0.0005787556567874596,136
0.9053551324580498,0.01600589542653601,0.0016264417474050386,0.049279658567128515,0.006242222893977644,0.010945430517297912,0.010172135739691793,6.612182715858787e-05,0.00030696082275485773,137
0.09773911332900426,0.0825990884821582,0.0008961033810849615,0.045345641986934686,0.009604852988918923,0.007808932814020383,0.7556123625732893,0.00023183082900516628,0.00016207361558410687,138
0.14014946332229408,0.019493803519489178,0.004459099842239008,0.7920076738975856,0.00903660749542407,0.01987137938847137,0.014710760627243236,2.3866704180247656e-05,0.00024734520307320273,139
0.0747183300463656,0.08257447979238172,0.003642256317824781,0.05534839732208171,0.016746407295737644,0.0038418157573703207,0.7629764568390198,9.341871439296131e-05,5.843791482547716e-05,140
0.2190641515669179,0.03278320498593597,0.009180757731543141,0.39787201429732805,0.03098489249442968,0.010420874424835306,0.2982913291796866,0.0004369918734963181,0.0009657834458269331,141
0.22989509035097774,0.35012921477553466,0.0018733481417409095,0.1705142993813993,0.024345706855216875,0.013236064048531929,0.20925710396999672,0.0005148484548012356,0.00023432402180067233,142
0.3040812903927973,0.02636358454623921,0.0033486234934561663,0.3392429096322285,0.0066751860889582215,0.01191363089830976,0.30744048048154005,0.0006221332771751921,0.0003121611892954824,143
0.39655555770645556,0.018647866433300662,0.003456126802788776,0.3802047773815094,0.016943879516492608,0.009804708749724755,0.1715241479637982,0.0013632728016010449,0.0014996626443293068,144
0.14216607279061239,0.11875243438214174,0.004910859131183674,0.10036769758550557,0.010845690605912115,0.014642617926339412,0.6066454723070892,0.0011539219160858643,0.0005152333551298323,145
0.37979966812900984,0.05249449565423348,0.005331917710525386,0.14433405990162673,0.15734879972987165,0.17055437357194556,0.08958840305682116,0.00014779125505937337,0.0004004909909067509,146
0.40119411952744616,0.1542928630477967,0.009035128392894321,0.22820624040898263,0.07574636539916191,0.029165143443290204,0.09811312986866179,0.0017665210242040464,0.0024804888875624292,147
0.2136178690204705,0.19310725288926645,0.0022679827135001335,0.2502226014092236,0.022362594995712637,0.08142362231562489,0.23597423921279218,0.00041236565808846825,0.0006114717853211246,148
0.03025648517423823,0.5756725976101452,0.0012314165751864175,0.018512470388829434,0.0209809044982348,0.020924407881426143,0.3323048746980293,7.210615477239771e-05,4.473701913815843e-05,149
0.032578231381117935,0.04668870315707413,0.001167080597267067,0.03345633571895446,0.008825403500667826,0.020893686313317967,0.8559990162401335,0.00019431091686206045,0.00019723217460493442,150
0.02566228437261424,0.1732553649349581,0.0028600498442782826,0.1349447953578088,0.09304716639792905,0.024540541138060187,0.5410648550816148,0.0035458357869252227,0.0010791070858112957,151
0.024383686245076856,0.4580393685353085,0.003690437240655654,0.043002481663921135,0.006576978566994644,0.016814512602353084,0.44702889102169774,0.0001835787985061808,0.00028006532548621293,152
0.33866856571765996,0.05521377539926403,0.0007009313276389856,0.20949879637297078,0.00817671281139666,0.01388266870225926,0.3709529807859748,0.0013769579437119903,0.0015286109391232832,153
0.3793869203374439,0.10846524872848985,0.0011855085760788025,0.12014571823169974,0.015746304742251634,0.012324174432226977,0.361261152410575,0.0003224819326875442,0.0011624906085461854,154
0.3181015199286506,0.018266585624127595,0.00634751669445833,0.15422078782496712,0.07646167504523536,0.3613102867226394,0.06496121195143201,0.00014045892271884026,0.0001899572857708664,155
0.24348113614511052,0.1207130823485377,0.003311556106340106,0.2609023143819113,0.025236080549631643,0.06947834026305415,0.26782461449288436,0.002611334779017092,0.006441540933513103,156
0.06370030440317266,0.11841883270179057,0.007327363209580798,0.11847646851351772,0.014811057104725758,0.011085603004759428,0.6660461513818491,8.640881447013914e-05,4.781086613405489e-05,157
0.373998181451888,0.08702722716202668,0.0010990896207533787,0.07813083437065953,0.031507962269748904,0.007820709227966537,0.41958212090597463,0.0004022586236946955,0.0004316163672879669,158
0.6680466387837298,0.013835392839179056,0.005319062920875366,0.09322089168027599,0.08597213196445495,0.11130473923767498,0.021712864774474556,0.00010351157744214402,0.0004847662218932244,159
0.02997252377830124,0.8135828073028004,0.0011429329173466378,0.009295178852855634,0.012011595835683623,0.0038117980343337437,0.13006527304260693,3.619634651973859e-05,8.169388955175191e-05,160
0.12017897936912614,0.025784344209194548,0.00446986252514951,0.5617142200624875,0.016209285029585123,0.023622208977582423,0.24673567704814237,0.0010949338362084623,0.00019048894252390937,161
0.2609218569403027,0.04597474751119883,0.0019139680630401528,0.15882671328480205,0.05456177316233328,0.07168107947474003,0.4054557221766468,0.0004626185904137252,0.0002015207965222264,162
0.08588246183989852,0.6021801355907699,0.0016620216059202067,0.14322342423194442,0.00775560264414109,0.0016777890344071677,0.15727067660022337,0.0002051871144584379,0.00014270133823685626,163
0.5444472467721221,0.16168736730848188,0.0031446278627531494,0.1414879921593763,0.021846987804652253,0.057028367131757,0.0682285701113893,0.0015196567595284084,0.0006091840899396077,164
0.05947853947525078,0.3147159064653655,0.0022382923124530415,0.025071721925364207,0.01667084676092615,0.008926423766589201,0.5708079569651515,0.00020596488539957082,0.0018843474434998748,165
0.5629617082446315,0.021978286391140057,0.003171340275311282,0.10685413519558568,0.13859010238818248,0.09281629496397636,0.07321089936543902,0.00018356890226357524,0.00023366427346976305,166
0.04283642419880309,0.358201750898278,0.004384292509869734,0.045847752420106115,0.1622253856520446,0.02839403410999793,0.3549012779791368,0.003030863289837767,0.00017821894192559935,167
0.6755881815898584,0.06308016794483266,0.008302916011750667,0.21769724693995646,0.0045960513657451385,0.0021071371449247205,0.028220218470537357,0.00016567254499561684,0.0002424079873988565,168
0.2780516394993011,0.1663481954605114,0.012861096837949464,0.1797767156271927,0.023912714400810484,0.03970328489698059,0.2980044769111495,0.0008400612777218738,0.0005018150883832045,169
0.4067046165620923,0.2558350158031034,0.009972456832637373,0.05465887026639661,0.04897964013127243,0.008442628925339668,0.21265121999945436,0.001500245872127154,0.0012553056075768525,170
0.05236335895957632,0.452301795615585,0.0017327517806754698,0.07984057644998184,0.01610749103928353,0.006500456974953406,0.39086723588208566,0.00017341181154394852,0.00011292148631478134,171
0.02535690644476457,0.14883327479396874,0.003671172455302029,0.04798887196871868,0.01701375590386233,0.02758465955253749,0.7286445004227796,0.0008123271211849886,9.453133688140223e-05,172
0.3324756808707984,0.49398831246433295,0.004371056760759751,0.02596297621168765,0.031491892968286694,0.025229001905994686,0.0837705822075011,0.0009666057233066152,0.0017438908873323611,173
0.30520898337209884,0.049221444195453275,0.002027554811320423,0.27809615885706757,0.017265142974791422,0.02924994480311872,0.3160409140445403,0.0007058364389473154,0.0021840205026620947,174
0.08832447449406156,0.027337883429124195,0.005106297745811827,0.04178464496824633,0.010640953219634704,0.04244067954508172,0.7822467742709275,0.0009182175595340922,0.0012000747675781158,175
0.3580878918587223,0.14278983159845546,0.002515834918711943,0.24567047959611577,0.03386688097281614,0.014604280811222062,0.20221095160737382,0.00011596174626574422,0.00013788689031667982,176
0.1424113873944853,0.014141271360421594,0.0014045328395128516,0.6133065465468954,0.013523958707950144,0.010731200902652872,0.20265467438429732,0.0006620517262554294,0.0011643761375290163,177
0.2688162791096173,0.058963321383752584,0.009168609380363709,0.10336205699812849,0.008827059072032682,0.016151655100089285,0.5342852379313411,0.0002553212332010419,0.00017045979147377064,178
0.6546731269092901,0.060088017996431806,0.0012313937278975173,0.14461004990397178,0.009209892173457272,0.01979209523686712,0.10098434922861652,0.00907025420980472,0.00034082061366311146,179
0.016344613674392567,0.14351611928655938,0.00249970555028089,0.06052799865000013,0.05999419010112822,0.03715090740843793,0.6789938127262851,0.0004413611510317672,0.0005312914518839644,180
0.3196440635020237,0.06831513135731475,0.007430421605645254,0.1869530662397518,0.02164917095601421,0.05845731846423744,0.330507261589669,0.005504863463497718,0.0015387028218462192,181
0.0952420721513148,0.08114441420182024,0.001295507856208777,0.0686303455235407,0.014828529438833907,0.017091282585286922,0.721470250418094,9.372393516703968e-05,0.0002038738897336878,182
0.06769816270426447,0.3368617388784828,0.008923383127042677,0.11409601573958979,0.1313123741933239,0.10342114775977075,0.17247556410825807,0.058573754973692056,0.006637858515575318,183
0.4187556677003185,0.0353984078264024,0.0037151068236847395,0.46999701293839674,0.010547744486955179,0.030898950243776757,0.030551302461148337,8.221577259254789e-05,5.359174672480711e-05,184
0.02619784223781459,0.22191248983749318,0.0028841924450130818,0.027960239530980122,0.008376680113901526,0.006671327250907345,0.7057210299128229,0.00017741933866664844,9.877933240029643e-05,185
0.21839535851943287,0.05951434051211046,0.005042761788389954,0.3509597566329065,0.009569942047950137,0.2740603304752118,0.08106097384744419,0.0003322622180826268,0.0010642739584716108,186
0.3010265811511255,0.07720961382231009,0.007810364440660711,0.12583696038291323,0.03251452476953543,0.02589408208747341,0.42897749326814727,9.784619964173417e-05,0.0006325338781925684,187
0.06690114822237189,0.07414154804843484,0.0015914175282282495,0.07020023761500507,0.030521898261024746,0.026228943987112213,0.7299489989926741,0.00035043234005210336,0.00011537500509652559,188
0.04932210212803415,0.07814102549171635,0.0023886807143507862,0.05694830675280619,0.023012035909433477,0.036552027853097656,0.7499169415695499,0.0003088908580799418,0.003409988722931729,189
0.2580925789440942,0.02532259177685969,0.001242819453590886,0.26621644795399435,0.24548793270232788,0.022611501975058904,0.18025602684546507,0.0002132628615432922,0.0005568374870655844,190
0.028504576242512486,0.1286669186076153,0.005826760196288166,0.0501467117872077,0.028163352120943827,0.015277324705252289,0.7427552594874675,0.00010462971127278205,0.0005544671414399629,191
0.13237955754415992,0.009811552601591765,0.0014222219364215408,0.8279660444093233,0.009002063969778712,0.004707617974742572,0.014586975332486605,1.2826980494015668e-05,0.0001111392510016581,192
0.021935862728232707,0.2528731742980791,0.0006993799826348565,0.014392378176368048,0.006981001241956077,0.0027020714503398153,0.7003130331115373,3.077452087533958e-05,7.232448997664688e-05,193
0.2454625816947225,0.07626315017725144,0.0012205985157028253,0.4214062024236755,0.020681616334237804,0.007336168680033221,0.21482449340886875,0.0008566268180233363,0.011948561947484617,194
0.3931192367146396,0.05348515952198998,0.0008471347411967658,0.4745523323319042,0.007445008332976593,0.021371480777014992,0.04865503554215919,0.00031906132573213683,0.00020555071238643788,195
0.14967612047953507,0.153070772330624,0.0027264123223762274,0.4850874876223719,0.03895840666555056,0.06391212290000929,0.10612226556252081,0.00020457047554477037,0.00024184164146728355,196
0.4253076210557644,0.12963302524289239,0.009197576275349654,0.16743578360138803,0.07422333127300051,0.05628952556753976,0.12636715417111838,0.004218894259513009,0.0073270885534338324,197
0.06821624831672854,0.5018517504848888,0.003897587030551119,0.028336663891075555,0.01859624132792712,0.02639599473671766,0.35142335999822877,0.000759218895360188,0.0005229353185220617,198
0.44723979535635844,0.033270726505221344,0.0037855852366471604,0.14231613344921185,0.02735409570464398,0.029176424217101045,0.31409892870525213,0.0006436847068446008,0.002114626118719344,199
0.4723336129986943,0.045720110341596204,0.010537225018941313,0.2696579725495327,0.03530700625213637,0.02059399612541159,0.14560458686624386,0.00015616989624026568,8.93199512034773e-05,200
0.06314083156830647,0.06873015555384364,0.0007142704946062552,0.07199775110596515,0.007346379282086787,0.009438124687125895,0.7781020612421341,0.00046497790408631145,6.544816184534569e-05,201
0.014336190630951054,0.2569427567290878,0.0015634795683214693,0.019170471797065464,0.014939188163443045,0.0053890290584106566,0.6875698966149045,4.409969722714992e-05,4.4887740588761756e-05,202
0.5028535170311349,0.009820285333824603,0.001017188545894067,0.4501641918405647,0.007931152118933513,0.008544828258212081,0.01948906787153089,2.7053084922680748e-05,0.00015271591498259408,203
0.04087300386446213,0.5064557645002931,0.03143093154486067,0.1083934550889457,0.036843459771470986,0.028730784369967066,0.24353452148175533,0.002540003080590442,0.0011980762976546264,204
0.06409748966864821,0.4611496920802959,0.004269547308257109,0.07117281795268046,0.0510845731736073,0.05871027838606413,0.28790439945327,0.0011205834399125641,0.0004906185372642172,205
0.08965512493087202,0.055880189341228036,0.006273647543911667,0.08023524249114712,0.0442823070365888,0.0259918281129231,0.680701242428372,0.008998759055109109,0.007981659059848309,206
0.8086262627162335,0.020470429478067733,0.0002994611166250775,0.10620701281937041,0.02277833287221251,0.012121012813187292,0.018969405065569236,0.00944296998417477,0.0010851131345593985,207
0.3532988325301302,0.053095596996876424,0.0016793703070823304,0.18090912177189652,0.02774194641883166,0.031133567630264078,0.3468632306392963,0.0038017388252310222,0.0014765948803914359,208
0.4935614263062233,0.10187433953594574,0.004044127639721296,0.26652707432605127,0.027631082129647818,0.02212539153813139,0.0818851719381729,0.0015529349730481815,0.0007984516130580744,209
0.11712707773719193,0.015105478020485518,0.001029911317366947,0.07627169280899883,0.01265649652175925,0.08412926864053334,0.6898053790620433,0.0036248052546598002,0.0002498906369609996,210
